# NaN NaN NaN ;Mean Elev.(m), Avg Gradient(m/km), RMS Gradient(m/km) - SRTM1     
#   10.953  -5.765  11.135 ;Mean Elev.(m), Avg Gradient(m/km), RMS Gradient(m/km) - ASTER GDEM
#    1.249  -6.074  11.252 ;Mean Elev.(m), Avg Gradient(m/km), RMS Gradient(m/km) - GMTED2010 
 11     0.071 52589.49763982 23.07 122.973281  72.282211  8.160
 11    -0.087 52589.49764047 24.99 122.967761  72.285111  8.160
 11    -0.089 52589.49764111 26.27 122.962241  72.288011  8.160
 11    -0.058 52589.49764176 25.36 122.956721  72.290901  8.160
 11    -0.166 52589.49764240 24.12 122.951191  72.293791  8.160
 15     1.778 52729.49762194  7.17 122.973928  72.281993  5.975
 15     1.629 52729.49762259  8.10 122.968408  72.284893  5.975
 15     1.329 52729.49762323  8.27 122.962888  72.287783  5.975
 15     1.346 52729.49762388  7.97 122.957358  72.290673  5.975
 15     1.247 52729.49762452  6.94 122.951828  72.293573  5.975
 21    -0.027 52939.49766761 20.11 123.000702  72.280658  7.815
 21    -0.073 52939.49766826 22.41 122.995192  72.283548  7.815
 21     0.018 52939.49766890 22.79 122.989672  72.286448  7.815
 21    -0.101 52939.49766955 22.61 122.984152  72.289338  7.815
 25    -0.035 53079.49770967  7.83 122.972068  72.281271  3.455
 25     0.002 53079.49771031  7.79 122.966548  72.284161  3.455
 25     0.030 53079.49771095  8.66 122.961028  72.287061  3.455
 25     0.072 53079.49771160  7.84 122.955508  72.289951  3.455
 25     0.028 53079.49771224  7.68 122.949978  72.292851  3.455
 29    16.213 53219.49774545 13.80 122.972472  72.283139 12.752
 29    13.946 53219.49774609 15.44 122.966952  72.286039 12.752
 29    14.263 53219.49774674 13.88 122.961422  72.288929 12.752
 29    15.043 53219.49774738 14.59 122.955902  72.291829 12.752
 30     0.632 53254.49772164 30.32 122.989077  72.280189  8.908
 30     0.673 53254.49772228 24.33 122.983557  72.283089  8.908
 30     0.344 53254.49772293 18.57 122.978037  72.285979  8.908
 30     3.389 53254.49772357 16.67 122.972517  72.288879  8.908
 35    -0.344 53429.49767629 10.24 122.986156  72.282278  3.712
 35    -0.289 53429.49767694 10.08 122.980636  72.285178  3.712
 35    -0.313 53429.49767758 10.30 122.975116  72.288068  3.712
 35    -0.390 53429.49767823 10.50 122.969596  72.290968  3.712
 39    16.871 53569.49776527 15.63 122.970136  72.281675 13.348
 39    15.950 53569.49776591 11.57 122.964616  72.284575 13.348
 39    15.260 53569.49776656 11.37 122.959096  72.287465 13.348
 39    16.264 53569.49776720 11.29 122.953576  72.290365 13.348
 39    16.279 53569.49776785 15.60 122.948046  72.293255 13.348
 44    -0.216 53744.49757022  8.21 123.005692  72.281224  3.661
 44    -0.198 53744.49757086  8.48 123.000182  72.284114  3.661
 44    -0.053 53744.49757151  8.54 122.994658  72.287016  4.247
 44    -0.419 53744.49757215  8.75 122.989138  72.289906  4.247
 46    -0.055 53814.49757182  6.56 123.005511  72.279857  3.414
 46     0.121 53814.49757247  6.06 122.999991  72.282757  3.414
 46     0.215 53814.49757311  6.82 122.994481  72.285657  3.414
 46     0.125 53814.49757376  6.28 122.988961  72.288547  3.414
 51    16.318 53989.49763533 13.02 122.998372  72.281949  6.495
 51    15.794 53989.49763597 10.89 122.992852  72.284849  6.495
 51    15.153 53989.49763662  8.71 122.987332  72.287739  6.495
 51    14.100 53989.49763726  9.30 122.981812  72.290639  6.495
 53     0.037 54059.49769008 21.61 122.973934  72.282675  6.002
 53     0.094 54059.49769072 21.48 122.968404  72.285565  6.002
 53     0.141 54059.49769136 22.05 122.962884  72.288455  6.002
 53     0.064 54059.49769201 21.04 122.957360  72.291355  5.463
 54     0.299 54094.49766664 15.34 122.990467  72.281357  4.712
 54     0.421 54094.49766729 15.29 122.984947  72.284247  4.712
 54     0.269 54094.49766793 15.75 122.979427  72.287147  4.712
 54     0.317 54094.49766858 15.25 122.973907  72.290037  4.712
 60    15.341 54304.49767594 11.40 122.963480  72.285633 11.688
 60    15.856 54304.49767788 25.02 122.946910  72.294313 11.688
 63     0.065 54409.49760472 15.89 122.973552  72.281455  6.755
 63     0.024 54409.49760537 17.48 122.968032  72.284345  6.755
 63     0.101 54409.49760601 16.93 122.962512  72.287245  6.755
 63    -0.124 54409.49760666 17.26 122.956982  72.290135  6.755
 63    -0.266 54409.49760730 17.44 122.951462  72.293035  6.755
 65     2.262 54479.49759556  6.14 122.968630  72.283726  6.572
 65     3.037 54479.49759620  5.39 122.963110  72.286626  6.572
 65     2.726 54479.49759685  6.02 122.957580  72.289516  6.572
 65     1.882 54479.49759749  6.23 122.952060  72.292416  6.572
 67    -0.476 54549.49760829  5.63 122.981396  72.281618  3.497
 67    -0.254 54549.49760894  5.66 122.975876  72.284508  3.497
 67    -0.203 54549.49760958  5.76 122.970356  72.287408  3.497
 67    -0.380 54549.49761023  5.78 122.964836  72.290298  3.497
 68     0.176 54584.49758216  5.37 122.964585  72.283520  3.199
 68     0.279 54584.49758281  5.03 122.959065  72.286420  3.199
 68     0.243 54584.49758345  4.66 122.953535  72.289310  3.199
 68     0.037 54584.49758410  4.82 122.948015  72.292210  3.199
 68    -0.129 54584.49758474  4.05 122.942485  72.295100  3.199
 70    19.934 54654.49761239 21.09 122.971392  72.281321 14.742
 70    18.157 54654.49761303 18.10 122.965872  72.284221 14.742
 70    17.300 54654.49761368 14.92 122.960352  72.287111 14.742
 70    17.791 54654.49761432 14.27 122.954822  72.290011 14.742
 70    17.446 54654.49761497 17.86 122.949302  72.292901 14.742
 73     0.370 54759.49757616 31.89 122.970570  72.283107 12.697
 73     0.338 54759.49757681 33.68 122.965050  72.285997 12.697
 73     0.242 54759.49757745 30.89 122.959530  72.288897 12.697
 73     0.086 54759.49757810 29.19 122.954000  72.291787 12.697
 81    15.597 55039.49758314 15.21 122.972821  72.281725 10.690
 81    14.973 55039.49758378 10.06 122.967301  72.284625 10.690
 81    14.773 55039.49758443  9.55 122.961781  72.287515 10.690
 81    16.515 55039.49758507  9.59 122.956251  72.290415 10.690
 81    15.666 55039.49758571 13.92 122.950731  72.293305 10.690
 82     0.813 55074.49756638 31.55 122.982585  72.280940  9.633
 82     0.685 55074.49756703 23.81 122.977065  72.283830  9.633
 82     5.218 55074.49756767 18.59 122.971545  72.286730  9.633
 82    14.910 55074.49756832 15.68 122.966025  72.289620  9.633
 82    15.388 55074.49756896 16.85 122.960495  72.292520  9.633
 84    -0.024 55144.49751898 19.43 122.973861  72.281498  6.676
 84    -0.093 55144.49751963 21.04 122.968341  72.284388  6.676
 84     0.008 55144.49752027 21.59 122.962821  72.287288  6.676
 84     0.007 55144.49752091 21.36 122.957291  72.290178  6.676
 84    -0.026 55144.49752156 20.14 122.951771  72.293078  6.676
 86     0.112 55214.49751372  9.02 122.973093  72.282101  3.802
 86     0.186 55214.49751437  9.14 122.967573  72.284991  3.802
 86     0.226 55214.49751501  9.41 122.962053  72.287891  3.802
 86     0.132 55214.49751566  8.85 122.956523  72.290781  3.802
 86     0.124 55214.49751630  8.66 122.950993  72.293681  3.802
 90   134.347 55354.49748063  6.06 122.975554  72.281279  2.648
 90   130.142 55354.49748128  5.91 122.970034  72.284169  2.648
 90   134.914 55354.49748192  5.54 122.964514  72.287069  2.648
 92    16.844 55424.49749814 14.61 122.972039  72.282056 11.830
 92    14.350 55424.49749879 14.66 122.966519  72.284946 11.830
 92    14.540 55424.49749943 12.09 122.960999  72.287846 11.830
 92    15.171 55424.49750008 13.60 122.955469  72.290736 11.830
 92    15.328 55424.49750072 21.55 122.949939  72.293636 11.830
 93    16.014 55459.49746779 16.27 122.984168  72.281910  9.699
 93    15.525 55459.49746843 12.79 122.978648  72.284810  9.699
 93    15.287 55459.49746908 10.96 122.973128  72.287700  9.699
 93    15.155 55459.49746972 13.18 122.967608  72.290600  9.699
