# NaN NaN NaN ;Mean Elev.(m), Avg Gradient(m/km), RMS Gradient(m/km) - SRTM1     
#   20.669     NaN     NaN ;Mean Elev.(m), Avg Gradient(m/km), RMS Gradient(m/km) - ASTER GDEM
#    1.000   1.122  22.155 ;Mean Elev.(m), Avg Gradient(m/km), RMS Gradient(m/km) - GMTED2010 
  6     7.356 52439.16426145 22.04 120.019663  72.930881 11.987
  6     5.520 52439.16426210 21.31 120.013753  72.928021 11.987
  6     5.099 52439.16426274 21.73 120.007833  72.925161 11.987
  6     5.179 52439.16426339 22.16 120.001923  72.922301 11.987
  6     5.905 52439.16426403 22.06 119.996013  72.919431 11.987
  6     5.682 52439.16426468 23.59 119.990113  72.916571 11.987
  7    -0.045 52474.16426017 33.74 120.023093  72.931237 17.835
  7    -0.307 52474.16426081 26.84 120.017173  72.928377 17.835
  7    -0.829 52474.16426146 23.79 120.011263  72.925507 17.835
  7    -0.610 52474.16426210 25.18 120.005353  72.922647 17.835
  7    -0.243 52474.16426275 28.41 119.999443  72.919787 17.835
  7     0.028 52474.16426339 29.64 119.993533  72.916927 17.835
  7    -0.114 52474.16426403 35.70 119.987633  72.914067 17.835
  8    -0.491 52509.16422529 13.89 120.016306  72.929390 11.776
  8    -3.067 52509.16422593 14.93 120.010396  72.926530 11.776
  8    -3.209 52509.16422657 16.11 120.004486  72.923660 11.776
  8    -2.568 52509.16422722 17.32 119.998576  72.920800 11.776
  8    -2.038 52509.16422786 19.14 119.992676  72.917940 11.776
  8    -2.249 52509.16422851 24.56 119.986766  72.915080 11.776
  9    -0.449 52544.16422102 41.44 120.049635  72.929550 12.028
  9     0.085 52544.16422167 40.41 120.043715  72.926690 12.028
  9    -0.536 52544.16422231 33.71 120.037795  72.923830 12.028
  9    -0.504 52544.16422296 38.58 120.031885  72.920960 12.028
  9    -0.276 52544.16422360 34.68 120.025975  72.918100 12.028
  9    -0.646 52544.16422425 32.65 120.020071  72.915239 10.222
  9    -0.567 52544.16422489 40.73 120.014161  72.912379 10.222
  9    -0.394 52544.16422554 36.98 120.008251  72.909519 10.222
 10    -0.279 52579.16426266 25.72 120.026746  72.929070  5.853
 10     0.030 52579.16426330 25.96 120.020836  72.926210  5.853
 10    -0.138 52579.16426394 26.41 120.014926  72.923350  5.853
 10    -0.369 52579.16426459 27.22 120.009006  72.920490  5.853
 10    -0.216 52579.16426523 25.96 120.003106  72.917630  5.853
 10    -0.269 52579.16426588 24.46 119.997196  72.914770  5.853
 10    -0.482 52579.16426652 23.67 119.991286  72.911900  5.853
 11    -0.262 52614.16422918 20.01 120.011757  72.932036  4.561
 11    -0.103 52614.16422983 20.98 120.005847  72.929176  4.561
 11    -0.101 52614.16423047 21.66 119.999927  72.926316  4.561
 11    -0.073 52614.16423112 21.06 119.994027  72.923456  4.561
 11     0.038 52614.16423176 21.02 119.988117  72.920596  4.561
 11     0.006 52614.16423241 20.14 119.982207  72.917726  4.561
 12    -0.156 52649.16421003 18.47 120.031961  72.927300  7.070
 12    -0.061 52649.16421067 19.82 120.026051  72.924440  7.070
 12     0.012 52649.16421132 21.77 120.020131  72.921570  7.070
 12     0.055 52649.16421196 22.75 120.014221  72.918710  7.070
 12     0.095 52649.16421261 22.68 120.008321  72.915850  7.070
 12     0.082 52649.16421325 21.09 120.002411  72.912990  7.070
 12     0.192 52649.16421390 20.32 119.996511  72.910130  7.070
 13    -0.415 52684.16419012 18.69 120.021267  72.930228  6.615
 13    -0.286 52684.16419076 19.25 120.015347  72.927368  6.615
 13    -0.257 52684.16419141 22.06 120.009437  72.924508  6.615
 13    -0.062 52684.16419205 22.06 120.003537  72.921648  6.615
 13     0.106 52684.16419270 21.78 119.997627  72.918778  6.615
 13     0.127 52684.16419334 19.94 119.991727  72.915918  6.615
 14    -0.036 52719.16424436 19.11 120.025189  72.928301  4.745
 14    -0.360 52719.16424501 20.40 120.019279  72.925441  4.745
 14    -0.189 52719.16424565 19.94 120.013359  72.922581  4.745
 14     0.034 52719.16424630 20.76 120.007449  72.919721  4.745
 14     0.092 52719.16424694 20.19 120.001549  72.916861  4.745
 14     0.205 52719.16424759 20.54 119.995639  72.913991  4.745
 16     4.069 52789.16421480 25.43 120.054832  72.931291 16.514
 16     0.452 52789.16421544 28.72 120.048912  72.928431 16.514
 16    -0.242 52789.16421609 33.99 120.042992  72.925571 16.514
 16    -0.181 52789.16421673 36.19 120.037082  72.922711 16.514
 16    -0.213 52789.16421738 39.70 120.031162  72.919851 16.514
 16    -0.088 52789.16421802 40.27 120.025252  72.916991 16.514
 16     0.170 52789.16421867 36.80 120.019342  72.914131 16.514
 16     0.303 52789.16421931 41.14 120.013432  72.911271 16.514
 16     3.181 52789.16421996 40.95 120.007532  72.908401 16.514
 17     7.042 52824.16428635 22.62 120.040823  72.928076 13.639
 17     6.180 52824.16428699 17.06 120.034913  72.925216 13.639
 17     4.078 52824.16428764 18.33 120.029003  72.922356 13.639
 17     3.136 52824.16428828 20.04 120.023083  72.919496 13.639
 17     3.920 52824.16428893 21.36 120.017173  72.916636 13.639
 17     4.306 52824.16428957 23.11 120.011273  72.913776 13.639
 17     3.594 52824.16429022 35.51 120.005363  72.910906 13.639
 19     4.508 52894.16436392 21.62 120.022142  72.930659 13.239
 19    -0.265 52894.16436456 20.39 120.016232  72.927789 13.239
 19    -0.698 52894.16436521 23.69 120.010312  72.924929 13.239
 19    -0.308 52894.16436585 26.14 120.004402  72.922069 13.239
 19     0.127 52894.16436650 28.19 119.998502  72.919209 13.239
 19     0.152 52894.16436714 35.15 119.992592  72.916349 13.239
 20     0.236 52929.16431389 30.27 120.006409  72.933722  8.257
 20    -0.040 52929.16431454 30.95 120.000499  72.930862  8.257
 20     0.054 52929.16431518 30.33 119.994589  72.928002  8.257
 20    -0.015 52929.16431583 29.40 119.988679  72.925132  8.257
 20    -0.112 52929.16431647 29.37 119.982769  72.922272  8.257
 20     0.021 52929.16431712 28.01 119.976869  72.919412  8.257
 21    -0.920 52964.16429757 15.41 120.055310  72.931815  9.835
 21    -1.024 52964.16429821 17.71 120.049390  72.928955  9.835
 21    -0.680 52964.16429886 17.72 120.043470  72.926095  9.835
 21    -0.725 52964.16429950 18.61 120.037560  72.923235  9.835
 21    -0.824 52964.16430015 20.37 120.031650  72.920375  9.835
 21    -0.487 52964.16430079 22.26 120.025740  72.917505  9.835
 21    -0.203 52964.16430144 22.21 120.019830  72.914645  9.835
 21     0.079 52964.16430208 27.23 120.013920  72.911785  9.835
 21     0.224 52964.16430273 29.68 120.008010  72.908925  9.835
 22     0.189 52999.16433528 16.09 120.019889  72.930522  6.117
 22    -0.019 52999.16433592 16.57 120.013979  72.927662  6.117
 22    -0.531 52999.16433657 17.75 120.008069  72.924802  6.117
 22    -0.465 52999.16433721 18.38 120.002159  72.921932  6.117
 22    -0.099 52999.16433786 18.89 119.996249  72.919072  6.117
 22     0.130 52999.16433850 21.45 119.990339  72.916212  6.117
 23     0.338 53034.16428714 18.64 120.007407  72.932117  6.570
 23     0.055 53034.16428778 15.51 120.001487  72.929247  6.570
 23    -0.498 53034.16428843 17.93 119.995587  72.926387  6.570
 23    -0.564 53034.16428907 17.69 119.989677  72.923527  6.570
 23    -0.072 53034.16428972 16.75 119.983767  72.920667  6.570
 23    -0.052 53034.16429036 16.21 119.977867  72.917797  6.570
 24     0.677 53069.16430281 15.31 120.032371  72.930241 10.237
 24     0.200 53069.16430346 17.72 120.026451  72.927381 10.237
 24    -0.105 53069.16430410 18.26 120.020541  72.924521 10.237
 24    -0.559 53069.16430475 19.61 120.014631  72.921661 10.237
 24    -0.211 53069.16430539 17.73 120.008721  72.918801 10.237
 24     0.079 53069.16430604 21.17 120.002811  72.915931 10.237
 24     0.091 53069.16430668 18.11 119.996911  72.913071 10.237
 25     0.223 53104.16428890 14.71 120.003598  72.933501  5.639
 25    -0.001 53104.16428954 13.71 119.997678  72.930631  5.639
 25    -0.366 53104.16429019 15.20 119.991768  72.927771  5.639
 25    -0.594 53104.16429083 13.66 119.985868  72.924911  5.639
 25    -0.425 53104.16429148 13.34 119.979958  72.922051  5.639
 25     0.140 53104.16429212 12.47 119.974058  72.919181  5.639
 26     0.401 53139.16430763 16.24 120.039450  72.929752  8.659
 26     0.098 53139.16430827 14.32 120.033530  72.926892  8.659
 26    -0.203 53139.16430892 15.14 120.027620  72.924032  8.659
 26    -0.542 53139.16430956 14.31 120.021710  72.921172  8.659
 26    -0.595 53139.16431021 14.57 120.015800  72.918312  8.659
 26    -0.100 53139.16431085 11.13 120.009890  72.915442  8.659
 26     0.144 53139.16431150 11.44 120.003980  72.912582  8.659
 26     0.181 53139.16431214  9.99 119.998080  72.909722  8.659
 28     2.483 53209.16436525 14.13 120.007122  72.923541 11.643
 28     5.285 53209.16436590 19.07 120.001222  72.920681 11.643
 28     2.703 53209.16436654 23.75 119.995312  72.917821 11.643
 28     2.226 53209.16436719 26.79 119.989402  72.914951 11.643
 29     4.265 53244.16433161 15.38 120.017576  72.929893 15.130
 29    -0.430 53244.16433226 16.64 120.011666  72.927033 15.130
 29    -0.696 53244.16433290 23.62 120.005746  72.924173 15.130
 29    -0.241 53244.16433355 26.84 119.999846  72.921313 15.130
 29     0.064 53244.16433419 28.16 119.993936  72.918443 15.130
 29     0.071 53244.16433484 33.48 119.988036  72.915583 15.130
 30    -0.466 53279.16430977 41.80 120.048780  72.930082 10.584
 30     0.669 53279.16431042 35.70 120.042860  72.927222 10.584
 30    -0.621 53279.16431106 29.75 120.036940  72.924362 10.584
 30    -1.145 53279.16431171 26.65 120.031030  72.921502 10.584
 30    -0.730 53279.16431235 26.50 120.025120  72.918642 10.584
 30    -0.460 53279.16431300 27.15 120.019210  72.915772 10.584
 30    -0.396 53279.16431364 35.24 120.013300  72.912912 10.584
 30    -0.335 53279.16431429 32.07 120.007390  72.910052 10.584
 31    -0.090 53314.16433432 23.79 120.029664  72.930024  6.346
 31    -0.288 53314.16433497 24.71 120.023754  72.927164  6.346
 31    -0.429 53314.16433561 26.46 120.017834  72.924294  6.346
 31    -0.364 53314.16433626 25.83 120.011924  72.921434  6.346
 31    -0.204 53314.16433690 24.67 120.006014  72.918574  6.346
 31    -0.207 53314.16433755 24.49 120.000114  72.915714  6.346
 31     0.017 53314.16433819 22.42 119.994204  72.912854  6.346
 32    -0.260 53349.16430006 19.36 120.023838  72.930964  5.233
 32    -0.265 53349.16430071 20.72 120.017928  72.928104  5.233
 32    -0.389 53349.16430135 21.00 120.012018  72.925234  5.233
 32    -0.311 53349.16430200 20.33 120.006108  72.922374  5.233
 32    -0.336 53349.16430264 20.68 120.000198  72.919514  5.233
 32    -0.091 53349.16430329 19.63 119.994298  72.916654  5.233
 32     0.107 53349.16430393 18.77 119.988388  72.913794  5.233
 33    -0.864 53384.16427287 17.90 120.050661  72.931615  8.753
 33    -1.135 53384.16427351 19.39 120.044741  72.928755  8.753
 33    -0.627 53384.16427415 20.85 120.038821  72.925895  8.753
 33    -0.498 53384.16427480 22.32 120.032911  72.923035  8.753
 33    -0.286 53384.16427544 22.85 120.026991  72.920175  8.753
 33    -0.172 53384.16427609 24.48 120.021081  72.917315  8.753
 33     0.128 53384.16427673 23.99 120.015171  72.914455  8.753
 33     0.162 53384.16427738 23.48 120.009271  72.911585  8.753
 34    -0.903 53419.16428047 17.79 120.031008  72.928824  8.735
 34    -0.837 53419.16428112 18.56 120.025088  72.925954  8.735
 34    -0.690 53419.16428176 19.22 120.019178  72.923094  8.735
 34    -0.307 53419.16428240 21.11 120.013268  72.920234  8.735
 34     0.050 53419.16428305 20.77 120.007368  72.917374  8.735
 34     0.227 53419.16428369 22.68 120.001458  72.914514  8.735
 34     0.360 53419.16428434 21.40 119.995558  72.911644  8.735
 35    -1.308 53454.16428543 15.71 120.056437  72.929768  9.763
 35    -0.913 53454.16428608 15.86 120.050517  72.926908  9.763
 35    -0.667 53454.16428672 17.20 120.044607  72.924048  9.763
 35    -0.665 53454.16428737 19.28 120.038687  72.921188  9.763
 35    -0.403 53454.16428801 20.56 120.032777  72.918328  9.763
 35    -0.122 53454.16428866 21.64 120.026867  72.915468  9.763
 35     0.180 53454.16428930 21.56 120.020957  72.912608  9.763
 35     0.233 53454.16428994 23.54 120.015047  72.909738  9.763
 36    -0.770 53489.16437133 13.35 120.023993  72.930833  6.604
 36    -0.605 53489.16437198 13.95 120.018083  72.927973  6.604
 36    -0.360 53489.16437262 14.37 120.012163  72.925113  6.604
 36    -0.255 53489.16437327 14.98 120.006253  72.922253  6.604
 36     0.072 53489.16437391 15.34 120.000343  72.919393  6.604
 36     0.238 53489.16437455 15.86 119.994433  72.916523  6.604
 36     0.396 53489.16437520 15.93 119.988533  72.913663  6.604
 37     2.021 53524.16435834 31.46 120.028354  72.929231 13.985
 37     1.518 53524.16435898 20.50 120.022444  72.926361 13.985
 37     0.664 53524.16435963 20.73 120.016524  72.923501 13.985
 37     1.335 53524.16436027 20.43 120.010614  72.920641 13.985
 37     1.839 53524.16436092 24.12 120.004714  72.917781 13.985
 37     2.766 53524.16436156 25.61 119.998804  72.914921 13.985
 37     3.001 53524.16436220 32.53 119.992904  72.912051 13.985
 38     4.853 53559.16438514 17.13 120.015787  72.931045 17.030
 38    -1.167 53559.16438579 20.07 120.009877  72.928185 17.030
 38    -0.656 53559.16438643 21.27 120.003967  72.925325 17.030
 38    -0.249 53559.16438708 25.43 119.998047  72.922465 17.030
 38     0.050 53559.16438772 28.55 119.992147  72.919605 17.030
 38     0.222 53559.16438837 29.46 119.986237  72.916735 17.030
 39    -0.147 53594.16432297 29.27 120.016384  72.930295 19.707
 39    -0.511 53594.16432362 22.91 120.010464  72.927435 19.707
 39    -0.767 53594.16432426 24.82 120.004554  72.924575 19.707
 39    -0.382 53594.16432491 27.93 119.998654  72.921715 19.707
 39    -0.054 53594.16432555 31.26 119.992744  72.918845 19.707
 39    -0.095 53594.16432619 34.62 119.986844  72.915985 19.707
 40     6.112 53629.16431420 41.16 120.050961  72.930729 12.373
 40     0.926 53629.16431485 32.06 120.045051  72.927869 12.373
 40     0.126 53629.16431549 39.99 120.039131  72.925009 12.373
 40     0.095 53629.16431614 36.40 120.033211  72.922149 12.373
 40     0.040 53629.16431678 26.68 120.027301  72.919289 12.373
 40    -0.285 53629.16431743 24.68 120.021391  72.916429 12.373
 40    -0.092 53629.16431807 24.14 120.015481  72.913569 12.373
 40     2.890 53629.16431872 23.34 120.009571  72.910699 12.373
 41    -0.040 53664.16433931 29.78 120.025557  72.929502  5.714
 41     0.073 53664.16433995 29.57 120.019647  72.926642  5.714
 41    -0.136 53664.16434060 29.88 120.013727  72.923782  5.714
 41    -0.244 53664.16434124 29.32 120.007817  72.920922  5.714
 41    -0.261 53664.16434189 28.79 120.001907  72.918062  5.714
 41    -0.280 53664.16434253 26.55 119.996007  72.915192  5.714
 41    -0.368 53664.16434318 25.31 119.990097  72.912332  5.714
 42    -0.050 53699.16429772 21.61 120.019803  72.931195  6.357
 42    -0.136 53699.16429837 21.27 120.013893  72.928335  6.357
 42    -0.535 53699.16429901 23.90 120.007983  72.925465  6.357
 42    -0.314 53699.16429966 23.67 120.002073  72.922605  6.357
 42    -0.227 53699.16430030 23.47 119.996163  72.919745  6.357
 42    -0.005 53699.16430095 23.39 119.990263  72.916885  6.357
 43     0.296 53734.16422030 18.99 120.008559  72.931411  6.759
 43    -0.078 53734.16422094 19.21 120.002649  72.928551  6.759
 43    -0.383 53734.16422159 20.46 119.996739  72.925691  6.759
 43    -0.239 53734.16422223 20.29 119.990839  72.922821  6.759
 43     0.007 53734.16422288 21.05 119.984929  72.919961  6.759
 43     0.258 53734.16422352 21.40 119.979029  72.917101  6.759
 44    -1.119 53769.16420314 15.94 120.040027  72.930262 13.130
 44    -0.671 53769.16420379 16.50 120.034107  72.927402 13.130
 44    -0.672 53769.16420443 18.44 120.028197  72.924542 13.130
 44    -0.417 53769.16420508 18.15 120.022287  72.921682 13.130
 44    -0.393 53769.16420572 20.28 120.016377  72.918822 13.130
 44     0.001 53769.16420636 22.42 120.010467  72.915952 13.130
 44     0.308 53769.16420701 22.89 120.004557  72.913092 13.130
 44     0.443 53769.16420765 23.74 119.998657  72.910232 13.130
 45    -1.717 53804.16419987 16.17 120.013267  72.929899  9.806
 45    -0.600 53804.16420052 16.41 120.007357  72.927039  9.806
 45    -0.672 53804.16420116 19.31 120.001447  72.924179  9.806
 45    -0.250 53804.16420180 19.20 119.995547  72.921319  9.806
 45     0.024 53804.16420245 19.11 119.989637  72.918459  9.806
 45     0.254 53804.16420309 20.18 119.983737  72.915589  9.806
 46    -1.226 53839.16421809 11.45 120.047390  72.930676  8.180
 46    -0.765 53839.16421874 12.15 120.041480  72.927816  8.180
 46    -0.868 53839.16421938 14.47 120.035560  72.924956  8.180
 46    -0.662 53839.16422003 15.01 120.029650  72.922096  8.180
 46    -0.443 53839.16422067 15.22 120.023730  72.919226  8.180
 46    -0.146 53839.16422132 16.70 120.017820  72.916366  8.180
 46     0.157 53839.16422196 16.27 120.011910  72.913506  8.180
 46     0.375 53839.16422261 17.76 120.006010  72.910646  8.180
 47     0.054 53874.16426526  8.50 120.031144  72.928998  3.834
 47    -0.288 53874.16426590  9.86 120.025234  72.926138  3.834
 47    -0.323 53874.16426654 10.90 120.019324  72.923278  3.834
 47    -0.256 53874.16426719 10.91 120.013404  72.920418  3.834
 47     0.052 53874.16426783  9.97 120.007504  72.917558  3.834
 47     0.316 53874.16426848  8.37 120.001594  72.914698  3.834
 47     0.364 53874.16426912  7.49 119.995694  72.911828  3.834
 48     4.099 53909.16430964 15.00 120.027406  72.929596 13.977
 48     6.574 53909.16431028 16.12 120.021496  72.926736 13.977
 48     5.255 53909.16431093 17.47 120.015576  72.923876 13.977
 48     2.770 53909.16431157 17.66 120.009666  72.921016 13.977
 48     3.122 53909.16431222 18.44 120.003756  72.918156 13.977
 48     3.734 53909.16431286 19.57 119.997856  72.915286 13.977
 48     4.626 53909.16431351 22.26 119.991946  72.912426 13.977
 49    -0.215 53944.16433256 37.57 120.015430  72.930811 21.024
 49    -0.481 53944.16433320 25.94 120.009510  72.927951 21.024
 49    -0.888 53944.16433385 25.29 120.003600  72.925081 21.024
 49    -0.656 53944.16433449 27.59 119.997690  72.922221 21.024
 49    -0.448 53944.16433513 34.82 119.991780  72.919361 21.024
 49    -0.198 53944.16433578 36.13 119.985880  72.916501 21.024
 50    -0.103 53979.16428200 28.08 120.010516  72.932017 21.745
 50    -0.172 53979.16428265 22.42 120.004606  72.929157 21.745
 50    -0.811 53979.16428329 23.54 119.998696  72.926297 21.745
 50    -0.579 53979.16428394 26.00 119.992786  72.923437 21.745
 50    -0.108 53979.16428458 28.37 119.986876  72.920577 21.745
 50     0.109 53979.16428523 32.48 119.980976  72.917707 21.745
 51     0.405 54014.16429431 26.21 120.057556  72.931604 17.095
 51    -0.869 54014.16429495 24.36 120.051646  72.928744 17.095
 51    -0.296 54014.16429560 27.38 120.045726  72.925884 17.095
 51    -0.765 54014.16429624 27.93 120.039806  72.923024 17.095
 51    -0.640 54014.16429689 30.22 120.033896  72.920164 17.095
 51    -0.147 54014.16429753 33.30 120.027986  72.917304 17.095
 51     0.061 54014.16429818 32.11 120.022076  72.914434 17.095
 51     0.393 54014.16429882 36.05 120.016166  72.911574 17.095
 51     0.360 54014.16429947 35.88 120.010256  72.908714 17.095
 52     0.041 54049.16430143 22.81 120.031860  72.928097  6.495
 52     0.140 54049.16430208 23.67 120.025950  72.925237  6.495
 52     0.014 54049.16430272 24.47 120.020040  72.922367  6.495
 52    -0.010 54049.16430337 24.66 120.014130  72.919507  6.495
 52    -0.023 54049.16430401 23.91 120.008220  72.916647  6.495
 52    -0.019 54049.16430466 22.23 120.002320  72.913787  6.495
 52     0.044 54049.16430530 20.07 119.996410  72.910927  6.495
 54     0.119 54119.16422230 14.48 120.004795  72.934315  3.645
 54     0.004 54119.16422295 15.37 119.998890  72.931451  5.015
 54     0.042 54119.16422359 16.29 119.992980  72.928591  5.015
 54     0.057 54119.16422424 16.73 119.987070  72.925721  5.015
 54    -0.072 54119.16422488 17.67 119.981160  72.922861  5.015
 54     0.012 54119.16422553 16.79 119.975260  72.920001  5.015
 55    -0.062 54154.16424935 14.11 120.024701  72.929872  4.041
 55    -0.026 54154.16424999 14.09 120.018781  72.927002  4.041
 55     0.021 54154.16425064 15.13 120.012871  72.924142  4.041
 55    -0.046 54154.16425128 16.13 120.006961  72.921282  4.041
 55     0.003 54154.16425193 15.27 120.001051  72.918422  4.041
 55     0.037 54154.16425257 13.94 119.995151  72.915562  4.041
 55    -0.034 54154.16425322 13.67 119.989241  72.912692  4.041
 56     0.350 54189.16421835 21.04 120.005234  72.930874 10.929
 56    -0.254 54189.16421900 21.29 119.999324  72.928014 10.929
 56    -0.505 54189.16421964 18.92 119.993414  72.925144 10.929
 56    -0.155 54189.16422029 20.01 119.987514  72.922284 10.929
 56     0.105 54189.16422093 17.27 119.981604  72.919424 10.929
 57    -0.268 54224.16425956 13.83 120.031986  72.929867  4.434
 57    -0.425 54224.16426021 13.74 120.026076  72.927007  4.434
 57    -0.395 54224.16426085 12.95 120.020166  72.924137  4.434
 57    -0.638 54224.16426149 14.94 120.014256  72.921277  4.434
 57    -0.182 54224.16426214 12.98 120.008346  72.918417  4.434
 57     0.087 54224.16426278 13.25 120.002436  72.915557  4.434
 57     0.172 54224.16426343 11.48 119.996526  72.912697  4.434
 58    35.589 54259.16428093  2.09 120.024667  72.929154  3.688
 58    33.375 54259.16428158  2.79 120.018757  72.926294  3.688
 58    31.338 54259.16428222  3.10 120.012837  72.923424  3.688
 58    29.141 54259.16428287  1.48 120.006927  72.920564  3.688
 58    27.225 54259.16428351  2.27 120.001027  72.917704  3.688
 58    24.648 54259.16428416  1.95 119.995117  72.914844  3.688
 59     5.871 54294.16428427 19.70 120.025542  72.929019 13.317
 59     4.610 54294.16428492 18.45 120.019632  72.926159 13.317
 59     3.921 54294.16428556 18.01 120.013722  72.923289 13.317
 59     3.082 54294.16428621 20.86 120.007812  72.920429 13.317
 59     4.801 54294.16428685 20.66 120.001902  72.917569 13.317
 59     5.903 54294.16428750 23.13 119.995992  72.914709 13.317
 60     0.736 54329.16427814 30.77 120.021166  72.931015 11.432
 60    -0.356 54329.16427878 27.85 120.015246  72.928155 11.432
 60    -0.656 54329.16427943 28.21 120.009336  72.925285 11.432
 60    -0.555 54329.16428007 27.87 120.003426  72.922425 11.432
 60    -0.122 54329.16428071 28.20 119.997526  72.919565 11.432
 60     0.062 54329.16428136 35.34 119.991616  72.916705 11.432
 61     4.495 54364.16422458 16.85 120.008817  72.933579  9.655
 61     3.516 54364.16422522 15.04 120.002907  72.930719  9.655
 61     0.870 54364.16422587 17.42 119.996997  72.927859  9.655
 61     0.568 54364.16422651 18.43 119.991087  72.924989  9.655
 61     0.263 54364.16422716 22.79 119.985187  72.922129  9.655
 61     0.647 54364.16422780 25.99 119.979277  72.919269  9.655
 62    -0.283 54399.16421895 27.24 120.028240  72.928838  6.944
 62    -0.164 54399.16421959 27.97 120.022320  72.925978  6.944
 62    -0.304 54399.16422024 28.24 120.016410  72.923118  6.944
 62    -0.174 54399.16422088 28.49 120.010500  72.920258  6.944
 62    -0.217 54399.16422153 26.99 120.004590  72.917388  6.944
 62    -0.272 54399.16422217 25.87 119.998690  72.914528  6.944
 62    -0.252 54399.16422282 23.44 119.992790  72.911668  6.944
 63    -0.511 54434.16417679 17.29 120.011742  72.931206  4.516
 63    -0.570 54434.16417744 18.60 120.005822  72.928346  4.516
 63    -0.380 54434.16417808 18.57 119.999912  72.925486  4.516
 63    -0.323 54434.16417873 19.04 119.994012  72.922626  4.516
 63    -0.041 54434.16417937 17.79 119.988102  72.919756  4.516
 63    -0.039 54434.16418002 17.74 119.982202  72.916896  4.516
 64    -1.876 54469.16420169 18.92 120.037946  72.928459  7.083
 64    -1.403 54469.16420234 19.94 120.032026  72.925599  7.083
 64    -0.866 54469.16420298 20.49 120.026116  72.922739  7.083
 64    -0.579 54469.16420363 20.48 120.020206  72.919879  7.083
 64    -0.165 54469.16420427 19.99 120.014296  72.917019  7.083
 64     0.115 54469.16420492 17.96 120.008386  72.914149  7.083
 64     0.290 54469.16420556 17.71 120.002486  72.911289  7.083
 65    -0.105 54504.16419183 14.48 120.012575  72.930699  5.201
 65    -0.144 54504.16419248 14.99 120.006665  72.927829  5.201
 65    -0.029 54504.16419312 15.00 120.000755  72.924969  5.201
 65     0.047 54504.16419377 15.33 119.994855  72.922109  5.201
 65     0.111 54504.16419441 15.72 119.988945  72.919249  5.201
 65     0.261 54504.16419506 15.11 119.983045  72.916379  5.201
 66    -1.081 54539.16421712 15.18 120.025505  72.929846  6.397
 66    -0.602 54539.16421777 15.37 120.019595  72.926986  6.397
 66    -0.570 54539.16421841 16.05 120.013685  72.924126  6.397
 66    -0.375 54539.16421906 16.18 120.007775  72.921256  6.397
 66    -0.104 54539.16421970 17.39 120.001865  72.918396  6.397
 66     0.179 54539.16422034 16.24 119.995965  72.915536  6.397
 66     0.245 54539.16422099 14.21 119.990055  72.912676  6.397
 67    -0.728 54574.16419217 13.23 120.010754  72.931415  4.930
 67    -0.560 54574.16419281 13.35 120.004844  72.928555  4.930
 67    -0.483 54574.16419346 13.89 119.998924  72.925695  4.930
 67    -0.197 54574.16419410 12.96 119.993024  72.922835  4.930
 67    -0.196 54574.16419475 12.92 119.987114  72.919965  4.930
 67     0.090 54574.16419539 13.21 119.981214  72.917105  4.930
 68    -1.498 54609.16420982 15.16 120.024983  72.929456 13.338
 68    -0.855 54609.16421046 17.59 120.019063  72.926596 13.338
 68    -0.382 54609.16421111 18.30 120.013153  72.923736 13.338
 68    -0.125 54609.16421175 20.25 120.007243  72.920866 13.338
 68     0.009 54609.16421240 22.82 120.001333  72.918006 13.338
 68     0.106 54609.16421304 27.01 119.995433  72.915146 13.338
 69     5.957 54644.16421771 19.87 120.023994  72.930931 12.961
 69     4.671 54644.16421836 18.37 120.018074  72.928071 12.961
 69     3.690 54644.16421900 19.11 120.012164  72.925211 12.961
 69     1.011 54644.16421965 20.98 120.006254  72.922351 12.961
 69     1.427 54644.16422029 26.10 120.000344  72.919481 12.961
 69     2.561 54644.16422094 26.58 119.994444  72.916621 12.961
 69     0.291 54644.16422158 33.45 119.988534  72.913761 12.961
 70    -0.213 54679.16421951 32.87 120.022347  72.929563 19.400
 70    -0.446 54679.16422015 22.68 120.016427  72.926703 19.400
 70    -0.857 54679.16422080 22.52 120.010517  72.923843 19.400
 70    -0.322 54679.16422144 21.30 120.004607  72.920973 19.400
 70    -0.167 54679.16422209 25.33 119.998697  72.918113 19.400
 70    -0.105 54679.16422273 31.48 119.992797  72.915253 19.400
 71     3.904 54714.16417148 19.13 120.007137  72.931280 15.594
 71    -0.550 54714.16417213 20.64 120.001227  72.928420 15.594
 71     0.600 54714.16417277 20.90 119.995327  72.925560 15.594
 71     1.093 54714.16417342 23.31 119.989417  72.922700 15.594
 71     0.607 54714.16417406 26.03 119.983507  72.919830 15.594
 71     0.534 54714.16417471 34.08 119.977607  72.916970 15.594
 72     0.780 54749.16418953 52.26 120.027896  72.927695 21.758
 72     0.228 54749.16419018 50.11 120.021986  72.924835 21.758
 72     0.113 54749.16419082 52.78 120.016076  72.921975 21.758
 72     0.116 54749.16419147 50.94 120.010166  72.919115 21.758
 72     0.194 54749.16419211 50.33 120.004256  72.916245 21.758
 72     0.250 54749.16419276 41.49 119.998346  72.913385 21.758
 73    -0.174 54784.16415911 22.12 120.019179  72.931392  4.272
 73    -0.115 54784.16415976 22.55 120.013259  72.928532  4.272
 73    -0.117 54784.16416040 22.85 120.007349  72.925672  4.272
 73     0.006 54784.16416105 22.82 120.001439  72.922812  4.272
 73     0.034 54784.16416169 22.85 119.995539  72.919942  4.272
 73     0.181 54784.16416234 21.86 119.989629  72.917082  4.272
 74    -1.854 54819.16418140 17.27 120.033618  72.929471  4.946
 74    -1.152 54819.16418204 19.04 120.027698  72.926611  4.946
 74    -0.472 54819.16418268 17.51 120.021788  72.923751  4.946
 74    -0.311 54819.16418333 17.75 120.015878  72.920891  4.946
 74    -0.089 54819.16418397 16.81 120.009968  72.918031  4.946
 74     0.164 54819.16418462 18.49 120.004058  72.915161  4.946
 74     0.204 54819.16418526 17.21 119.998158  72.912301  4.946
 75     0.351 54854.16415573 15.53 120.020150  72.931775  6.832
 75     0.137 54854.16415638 16.46 120.014240  72.928915  6.832
 75    -0.075 54854.16415702 17.29 120.008320  72.926055  6.832
 75    -0.127 54854.16415767 18.81 120.002420  72.923195  6.832
 75     0.245 54854.16415831 20.01 119.996510  72.920335  6.832
 75     0.188 54854.16415896 22.18 119.990600  72.917465  6.832
 75     0.359 54854.16415960 21.80 119.984700  72.914605  6.832
 76     0.175 54889.16418638 16.16 120.024592  72.930676  7.808
 76    -0.286 54889.16418702 16.79 120.018672  72.927816  7.808
 76    -0.454 54889.16418767 17.95 120.012762  72.924956  7.808
 76    -0.136 54889.16418831 19.79 120.006852  72.922096  7.808
 76     0.050 54889.16418896 22.04 120.000942  72.919226  7.808
 76     0.198 54889.16418960 23.77 119.995042  72.916366  7.808
 76     0.394 54889.16419025 21.52 119.989132  72.913506  7.808
 77     0.220 54924.16415539 12.15 120.006840  72.933856  4.512
 77    -0.196 54924.16415604 13.31 120.000930  72.930996  4.512
 77    -0.172 54924.16415668 13.64 119.995020  72.928136  4.512
 77    -0.049 54924.16415733 14.26 119.989110  72.925276  4.512
 77     0.131 54924.16415797 13.87 119.983200  72.922406  4.512
 77     0.303 54924.16415862 14.87 119.977300  72.919546  4.512
 78    -0.730 54959.16418397 14.16 120.028446  72.927781  6.449
 78    -0.390 54959.16418462 14.85 120.022536  72.924921  6.449
 78    -0.402 54959.16418526 16.43 120.016626  72.922061  6.449
 78    -0.086 54959.16418591 16.75 120.010716  72.919191  6.449
 78     0.261 54959.16418655 16.23 120.004806  72.916331  6.449
 78     0.452 54959.16418720 16.76 119.998896  72.913471  6.449
 79     4.682 54994.16420633 35.18 120.019138  72.928631 21.405
 79     4.649 54994.16420697 35.40 120.013228  72.925771 21.405
 79     4.780 54994.16420762 35.60 120.007318  72.922911 21.405
 79     4.826 54994.16420826 36.75 120.001408  72.920041 21.405
 79     4.797 54994.16420891 33.96 119.995498  72.917181 21.405
 79     4.567 54994.16420955 34.30 119.989598  72.914321 21.405
 80     0.125 55029.16419637 17.65 120.018912  72.929040 13.388
 80    -0.983 55029.16419701 19.24 120.013002  72.926180 13.388
 80    -0.475 55029.16419766 20.17 120.007092  72.923320 13.388
 80    -0.140 55029.16419830 24.12 120.001182  72.920450 13.388
 80    -0.074 55029.16419895 30.42 119.995282  72.917590 13.388
 80     0.029 55029.16419959 32.90 119.989372  72.914730 13.388
 81     5.835 55064.16418720 14.82 120.023937  72.931486 11.850
 81     3.955 55064.16418784 14.37 120.018027  72.928626 11.850
 81    -0.180 55064.16418849 17.32 120.012107  72.925766 11.850
 81    -0.041 55064.16418913 18.15 120.006197  72.922906 11.850
 81     0.224 55064.16418978 19.86 120.000297  72.920046 11.850
 81     0.229 55064.16419042 23.85 119.994387  72.917176 11.850
 81     0.319 55064.16419107 31.64 119.988487  72.914316 11.850
 82    -0.244 55099.16413215 43.02 120.006132  72.934395 18.630
 82    -0.510 55099.16413279 31.09 120.000212  72.931535 18.630
 82    -0.730 55099.16413344 25.60 119.994302  72.928675 18.630
 82    -0.883 55099.16413408 26.57 119.988402  72.925815 18.630
 82    -0.350 55099.16413473 26.50 119.982492  72.922955 18.630
 82     0.010 55099.16413537 26.36 119.976592  72.920085 18.630
 83     0.218 55134.16413201 24.37 120.029830  72.928964  9.176
 83     0.272 55134.16413266 26.83 120.023920  72.926104  9.176
 83     0.405 55134.16413330 28.74 120.018010  72.923244  9.176
 83     0.462 55134.16413395 28.12 120.012100  72.920384  9.176
 83     0.402 55134.16413459 28.51 120.006190  72.917514  9.176
 83     0.230 55134.16413523 28.84 120.000280  72.914654  9.176
 83     0.090 55134.16413588 33.73 119.994380  72.911794  9.176
 84    -0.102 55169.16409634 15.09 120.015700  72.931248  5.824
 84    -0.402 55169.16409699 15.82 120.009780  72.928388  5.824
 84    -0.477 55169.16409763 17.52 120.003870  72.925528  5.824
 84    -0.262 55169.16409828 17.30 119.997970  72.922658  5.824
 84     0.064 55169.16409892 16.69 119.992060  72.919798  5.824
 84     0.404 55169.16409957 16.04 119.986160  72.916938  5.824
 85    -0.645 55204.16412446 15.69 120.032648  72.930244  8.284
 85    -1.644 55204.16412511 17.65 120.026728  72.927384  8.284
 85    -0.716 55204.16412575 17.30 120.020818  72.924524  8.284
 85    -0.253 55204.16412640 16.68 120.014908  72.921664  8.284
 85    -0.118 55204.16412704 18.29 120.008998  72.918794  8.284
 85     0.178 55204.16412769 18.58 120.003088  72.915934  8.284
 85     0.382 55204.16412833 18.95 119.997188  72.913074  8.284
 86    -0.480 55239.16410373 13.00 120.009253  72.930573  6.157
 86    -0.469 55239.16410437 13.32 120.003333  72.927713  6.157
 86    -0.534 55239.16410502 15.64 119.997433  72.924853  6.157
 86    -0.141 55239.16410566 15.81 119.991523  72.921993  6.157
 86     0.153 55239.16410631 15.02 119.985613  72.919123  6.157
 86     0.350 55239.16410695 16.02 119.979713  72.916263  6.157
 87    -0.657 55274.16411868 13.34 120.021394  72.930532  6.165
 87    -0.639 55274.16411933 13.76 120.015484  72.927672  6.165
 87    -0.530 55274.16411997 15.13 120.009574  72.924812  6.165
 87    -0.295 55274.16412062 14.67 120.003664  72.921942  6.165
 87     0.217 55274.16412126 14.43 119.997754  72.919082  6.165
 87     0.349 55274.16412191 15.74 119.991854  72.916222  6.165
 88     0.092 55309.16408632  8.10 120.011559  72.932930  4.038
 88     0.149 55309.16408697  8.30 120.005649  72.930070  4.038
 88     0.207 55309.16408761  9.45 119.999739  72.927210  4.038
 88     0.161 55309.16408825  9.25 119.993829  72.924350  4.038
 88     0.131 55309.16408890  9.89 119.987919  72.921490  4.038
 88     0.319 55309.16408954  9.24 119.982019  72.918620  4.038
 90     5.833 55379.16408140 18.70 120.019747  72.931871 13.031
 90     3.736 55379.16408204 17.11 120.013827  72.929011 13.031
 90    -0.242 55379.16408269 19.37 120.007917  72.926151 13.031
 90     0.234 55379.16408333 20.40 120.002007  72.923291 13.031
 90     0.079 55379.16408398 24.99 119.996107  72.920421 13.031
 90     0.340 55379.16408462 27.95 119.990197  72.917561 13.031
 90     0.430 55379.16408527 29.30 119.984297  72.914701 13.031
 91     1.422 55414.16410771 12.96 120.022788  72.923949  8.399
 91     2.426 55414.16410836 17.15 120.016878  72.921089  8.399
 91     2.304 55414.16410900 20.89 120.010968  72.918229  8.399
 91     2.527 55414.16410965 20.30 120.005058  72.915359  8.399
 91     3.294 55414.16411029 19.79 119.999158  72.912499  8.399
 92     6.209 55449.16409436 17.23 120.019280  72.931115 14.536
 92     2.606 55449.16409501 18.50 120.013370  72.928255 14.536
 92     1.354 55449.16409565 19.02 120.007450  72.925395 14.536
 92     1.801 55449.16409630 20.77 120.001550  72.922535 14.536
 92     1.555 55449.16409694 22.99 119.995640  72.919665 14.536
 92     2.198 55449.16409759 26.99 119.989730  72.916805 14.536
 93    -0.521 55484.16402083 28.15 120.004978  72.933306  5.042
 93    -0.537 55484.16402148 28.95 119.999068  72.930436  5.042
 93    -0.561 55484.16402212 28.49 119.993158  72.927576  5.042
 93    -0.613 55484.16402276 27.66 119.987258  72.924716  5.042
 93    -0.578 55484.16402341 26.60 119.981348  72.921856  5.042
 93    -0.613 55484.16402405 25.48 119.975448  72.918986  5.042
