# NaN NaN NaN ;Mean Elev.(m), Avg Gradient(m/km), RMS Gradient(m/km) - SRTM1     
#   18.727     NaN     NaN ;Mean Elev.(m), Avg Gradient(m/km), RMS Gradient(m/km) - ASTER GDEM
#    1.162  -3.588  23.608 ;Mean Elev.(m), Avg Gradient(m/km), RMS Gradient(m/km) - GMTED2010 
  7 120.255608  72.922366     7.241     7.474  8 52452.50178537 32.818
  8 120.267170  72.923962     7.420     5.823  9 52487.50176621 21.265
  9 120.279581  72.921144    53.122    53.352  8 52522.50173672  3.909
 10 120.247065  72.922136     2.927     2.983  8 52557.50178850 32.835
 11 120.251126  72.926643     1.075     1.112  7 52592.50178549 20.298
 12 120.247216  72.922733     0.009    -0.001  7 52627.50170371 22.762
 13 120.250707  72.928423    -0.350    -0.346  6 52662.50174874 20.411
 14 120.234322  72.925234     0.011     0.014  4 52697.50172541 19.582
 15 120.270720  72.924268    -0.056    -0.034  9 52732.50174626 17.444
 16 120.274976  72.925652    -0.056    -0.089  6 52767.50175525 12.011
 18 120.245831  72.924104     1.107     1.077  6 52837.50183245 25.002
 19 120.250252  72.925735    13.675    14.356  7 52872.50187281 14.180
 20 120.275292  72.921238    16.949    18.897  8 52907.50185954 16.798
 21 120.244154  72.922312    -0.031    -0.066  7 52942.50178804 18.563
 23 120.265058  72.922841     0.268     0.228  9 53012.50184445 11.439
 24 120.227937  72.930488    -0.044    -0.044  2 53047.50181451  9.885
 25 120.261989  72.922742    -0.205    -0.161  9 53082.50184714 11.109
 26 120.234379  72.926386     0.101     0.096  3 53117.50181896 10.828
 27 120.252279  72.922294     1.506     1.574  7 53152.50186720  7.099
 28 120.259629  72.925125    64.652    59.593  5 53187.50185477  0.684
 29 120.264959  72.925786     2.091     2.112  8 53222.50187612 19.726
 30 120.274344  72.923733     3.135     3.085  9 53257.50185142 20.560
 31 120.240314  72.920548    -0.200    -0.183  4 53292.50187024 33.820
 32 120.266577  72.923099    -0.038    -0.032 10 53327.50184393 21.502
 33 120.286776  72.919566     2.345     2.430 10 53362.50179778 18.974
 34 120.247805  72.922519    -0.179    -0.159  7 53397.50182085 14.334
 35 120.283526  72.920674    -0.595    -0.601 10 53432.50181087 16.538
 36 120.243750  72.921981    -0.177    -0.155  6 53467.50184825 13.987
 37 120.257293  72.922465    -0.033    -0.011  8 53502.50189959 13.390
 38 120.265020  72.922959     5.803     5.611 10 53537.50189276 20.614
 39 120.265863  72.921789     0.850     0.779  9 53572.50189590 22.464
 40 120.292717  72.918979    11.183    11.250 10 53607.50184364 15.768
 41 120.234809  72.925182     0.663     0.512  5 53642.50184725 29.676
 42 120.257204  72.922991     0.054     0.042  9 53677.50186503 22.881
 43 120.290054  72.919729    -0.081    -0.077 10 53712.50179248 17.854
 44 120.241305  72.921165    -0.266    -0.249  6 53747.50170660 15.019
 45 120.267819  72.923285    -0.215    -0.230  9 53782.50173715 10.689
 46 120.303204  72.918568    -0.264    -0.275  9 53817.50170039 10.504
 47 120.243761  72.922042    -0.020     0.004  7 53852.50177622  8.011
 49 120.250333  72.921918    23.896    23.294  7 53922.50185319 10.412
 50 120.261056  72.922424     2.347     2.256  9 53957.50184722 20.800
 52 120.248183  72.921170    -0.249    -0.285  7 54027.50183466 34.595
 53 120.268934  72.923102     1.679     1.758  9 54062.50182791 19.081
 54 120.288225  72.918850     1.465     1.449  8 54097.50179684 16.083
 55 120.241607  72.922788    -0.292    -0.312  6 54132.50175113 14.523
 56 120.257265  72.930251    -0.058     0.042  3 54167.50177293 10.803
 57 120.244858  72.922740     0.056     0.029  7 54202.50175451 12.101
 58 120.241523  72.930894    -0.967    -0.861  4 54237.50179157 11.150
 59 120.260891  72.924660     7.761     8.098  8 54272.50180912 21.777
 61 120.279716  72.921973    31.753    34.790  8 54342.50178997  8.477
 62 120.252459  72.922301    -0.177     0.030  8 54377.50174625 23.126
 63 120.265602  72.922703    -0.323    -0.329 10 54412.50173773 23.058
 66 120.247351  72.922449    -0.057    -0.001  8 54517.50172576 11.515
 67 120.270444  72.925107     0.295     0.194  7 54552.50174321 10.200
 68 120.255390  72.923031    -0.178    -0.183  9 54587.50172145  8.856
 69 120.261039  72.923971    29.172    33.177  4 54622.50173963 15.572
 70 120.257985  72.924001     8.484     9.761  9 54657.50174914 17.917
 71 120.275270  72.919967     2.524     2.552  7 54692.50173084 42.311
 72 120.241759  72.926042    22.228    22.325  4 54727.50170278  7.184
 73 120.262489  72.922521     0.198     0.173  9 54762.50170884 35.168
 74 120.238551  72.923294    -0.442    -0.462  6 54797.50169561 18.563
 75 120.265941  72.921558     1.569     1.477  8 54832.50169840 15.485
 76 120.246727  72.921557     1.889     1.984  7 54867.50169091 13.761
 77 120.274494  72.921817    -0.142    -0.142  9 54902.50170819 17.237
 78 120.251696  72.923260     0.129     0.118  8 54937.50168127 14.225
 79 120.257640  72.922688     0.013     0.011  9 54972.50171353 10.676
 80 120.261177  72.924214    20.656    17.037  7 55007.50173051 43.960
 81 120.260391  72.923321     1.137     0.745  8 55042.50171931 19.718
 82 120.277859  72.920837    25.755    27.271  7 55077.50169766 15.847
 83 120.252569  72.922531    -0.721    -0.680  8 55112.50165182 44.622
 84 120.260259  72.923536     0.425     0.439  9 55147.50165307 15.620
 85 120.242831  72.922388    -0.281    -0.326  6 55182.50163238 11.462
 86 120.249848  72.931116     0.259     0.184  3 55217.50165106 11.104
 87 120.240212  72.927115     0.108     0.162  4 55252.50162943  9.092
 88 120.267725  72.926446     0.581     0.326  3 55287.50164144  7.553
 89 120.259126  72.923748    -0.184    -0.146  9 55322.50161713  6.937
 90 120.260272  72.924624     7.040     5.673  8 55357.50161644 22.510
 91 120.257227  72.919809     2.671     2.718  7 55392.50161805 13.219
 92 120.261118  72.922875    25.940    26.387  9 55427.50163243  9.240
 93 120.284018  72.920681     1.151     1.357 10 55462.50159637 21.352
