-144491.221   394.282     0.00    8.54
-144120.415   388.171   -16.48   10.12
-143749.516   381.415   -18.22   11.15
-143378.524   374.075   -19.78   10.89
-143007.439   366.234   -21.13   12.03
-142636.261   361.960   -11.51    9.00
-142264.989   361.363    -1.61    7.79
-141893.625   362.243     2.37    7.58
-141522.167   365.260     8.12    6.30
-141150.616   368.632     9.07    6.08
-140778.972   371.849     8.66    8.04
-140407.234   380.286    22.69   10.56
-140035.403   386.179    15.85    9.39
-139663.478   385.421    -2.04   12.99
-139291.459   376.005   -25.31   19.89
-138919.347   361.939   -37.80   21.64
-138547.141   345.786   -43.39   21.75
-138174.841   335.469   -27.71   19.00
-137802.447   328.760   -18.01   18.90
-137429.959   329.378     1.66   24.75
-137057.376   338.522    24.54   33.31
-136684.700   349.141    28.49   34.80
-136311.929   356.392    19.45   33.11
-135939.065   358.865     6.63   30.65
-135566.105   356.307    -6.86   32.56
-135193.051   345.623   -28.64   33.68
-134819.903   324.264   -57.23   40.75
-134446.660   298.803   -68.21   45.85
-134073.323   267.605   -83.56   40.82
-133699.890   245.573   -58.99   25.62
-133326.363   231.646   -37.28    9.31
-132952.741   230.904    -1.99    8.52
-132579.024   236.160    14.06   13.69
-132205.212   253.700    46.92   34.68
-131831.305   277.014    62.35   49.83
-131457.303   307.967    82.75   59.65
-131083.205   329.497    57.55   62.33
-130709.012   345.397    42.49   60.05
-130334.724   342.294    -8.29   55.38
-129960.340   337.389   -13.10   45.73
-129585.861   335.958    -3.82   32.64
-129211.286   338.150     5.85   26.71
-128836.616   350.079    31.84   25.75
-128461.849   361.243    29.79   24.09
-128086.987   364.900     9.76   25.45
-127712.029   358.127   -18.06   29.73
-127336.975   347.862   -27.37   29.44
-126961.825   337.539   -27.52   23.09
-126586.579   330.667   -18.31   15.00
-126211.236   328.597    -5.52    8.30
-125835.798   329.395     2.13    6.73
-125460.263   331.905     6.68    6.61
-125084.631   334.946     8.10    6.45
-124708.903   337.872     7.79    5.71
-124333.079   340.274     6.39    3.04
-123957.158   340.743     1.25    3.00
-123581.140   340.716    -0.07    3.77
-123205.025   340.090    -1.66    4.16
-122828.814   339.587    -1.34    3.95
-122452.505   338.527    -2.82    3.49
-122076.100   338.548     0.06    3.76
-121699.597   338.849     0.80    4.73
-121322.998   338.348    -1.33    5.25
-120946.301   337.768    -1.54    6.01
-120569.506   334.315    -9.16    7.86
-120192.615   330.350   -10.52    8.02
-119815.626   326.005   -11.52    7.06
-119438.539   322.370    -9.64    4.35
-119061.355   320.964    -3.73    2.80
-118684.073   320.978     0.04    2.62
-118306.693   320.988     0.03    3.02
-117929.216   320.409    -1.53    4.15
-117551.640   321.421     2.68    5.81
-117173.967   322.361     2.49    6.58
-116796.195   323.446     2.87    6.03
-116418.326   324.451     2.66    3.67
-116040.358   324.201    -0.66    2.87
-115662.292   323.305    -2.37    3.10
-115284.127   323.803     1.32    4.81
-114905.864   326.412     6.90    6.62
-114527.503   329.353     7.77    6.52
-114149.043   333.432    10.78    6.51
-113770.484   336.499     8.10    8.48
-113391.826   338.438     5.12   11.21
-113013.070   339.097     1.74   13.63
-112634.215   338.870    -0.60   17.42
-112255.261   337.553    -3.47   21.13
-111876.207   340.183     6.94   25.64
-111497.055   343.116     7.73   27.47
-111117.803   348.014    12.92   24.81
-110738.453   349.801     4.71   21.95
-110359.002   347.460    -6.17   21.86
-109979.453   341.123   -16.70   22.85
-109599.803   335.029   -16.05   24.73
-109220.055   329.328   -15.01   26.20
-108840.206   325.862    -9.12   26.76
-108460.258   324.432    -3.76   26.16
-108080.210   322.432    -5.26   24.39
-107700.062   319.831    -6.84   23.86
-107319.814   315.776   -10.66   23.53
-106939.466   311.841   -10.34   27.00
-106559.017   305.818   -15.83   30.70
-106178.469   296.136   -25.44   36.04
-105797.820   285.339   -28.36   38.13
-105417.071   273.573   -30.90   36.97
-105036.221   267.969   -14.72   35.90
-104655.271   262.524   -14.29   33.85
-104274.221   253.841   -22.79   32.40
-103893.069   241.235   -33.07   29.77
-103511.817   227.707   -35.48   24.72
-103130.464   215.387   -32.30   13.98
-102749.010   209.319   -15.91    8.92
-102367.455   206.457    -7.50    7.67
-101985.799   202.828    -9.51    9.98
-101604.042   197.950   -12.78   11.71
-101222.183   195.734    -5.80   10.16
-100840.223   198.032     6.01   10.20
-100458.162   204.343    16.52   11.30
-100075.999   212.146    20.42    8.60
 -99693.735   218.079    15.52    6.31
 -99311.369   221.624     9.27    5.36
 -98928.901   222.297     1.76    5.60
 -98560.710   221.657    -1.74    5.78
 -98197.179   219.211    -6.73    5.59
 -97833.558   214.901   -11.85    5.69
 -97469.847   210.657   -11.67    6.47
 -97106.048   205.889   -13.11    8.66
 -96742.158   200.024   -16.12    9.95
 -96378.179   193.725   -17.30    9.76
 -96014.111   189.116   -12.66    7.32
 -95649.953   188.877    -0.65    8.52
 -95285.705   194.006    14.08   12.32
 -94921.367   201.268    19.93   11.91
 -94556.939   205.870    12.63    8.90
 -94192.422   208.085     6.08    6.91
 -93827.814   208.151     0.18    5.37
 -93463.116   208.234     0.23    4.12
 -93098.328   208.629     1.08    3.34
 -92733.450   207.817    -2.23    4.81
 -92368.481   206.174    -4.50    6.33
 -92003.422   203.065    -8.52    7.81
 -91638.273   200.760    -6.31    8.85
 -91273.033   198.804    -5.35    9.25
 -90907.702   196.410    -6.55    9.95
 -90542.281   194.802    -4.40   10.07
 -90176.769   191.949    -7.80   10.88
 -89811.167   188.330    -9.90   11.36
 -89445.473   187.556    -2.11   11.32
 -89079.689   185.871    -4.61   11.95
 -88713.813   184.454    -3.87   12.11
 -88347.847   183.120    -3.65   11.78
 -87981.789   178.641   -12.23    9.88
 -87615.640   175.710    -8.01    8.40
 -87249.400   173.497    -6.04    8.22
 -86883.069   172.214    -3.50    7.84
 -86516.646   172.904     1.88    8.16
 -86150.132   173.032     0.35    8.29
 -85783.526   171.396    -4.46    8.68
 -85416.829   168.855    -6.93    9.42
 -85050.040   163.541   -14.49    9.98
 -84683.159   158.093   -14.85   10.26
 -84316.187   150.988   -19.36   10.23
 -83949.122   145.185   -15.81   11.12
 -83581.966   139.834   -14.57   12.18
 -83214.717   133.441   -17.41   10.90
 -82847.377   131.251    -5.96   10.31
 -82479.944   131.213    -0.10   10.73
 -82112.419   133.298     5.67   10.55
 -81744.802   129.330   -10.79   18.52
 -81377.092   116.851   -33.93   28.97
 -81009.290   100.928   -43.29   29.04
 -80641.396    87.968   -35.23   21.85
 -80273.409    83.424   -12.35   15.72
 -79905.329    83.230    -0.53   12.63
 -79537.157    83.318     0.24   11.31
 -79168.891    81.953    -3.71    9.23
 -78800.533    77.867   -11.09   11.19
 -78432.082    72.742   -13.91   13.06
 -78063.538    72.415    -0.89   17.69
 -77694.901    77.335    13.34   24.27
 -77326.171    89.497    32.98   27.57
 -76957.348   104.030    39.40   23.18
 -76588.431   117.136    35.52   16.95
 -76219.421   127.026    26.80   12.58
 -75850.318   133.126    16.53    8.70
 -75481.121   135.321     5.95    8.13
 -75111.830   132.685    -7.14    9.70
 -74742.446   128.297   -11.88    9.31
 -74372.968   125.717    -6.98    9.25
 -74003.396   126.396     1.84   10.92
 -73633.731   128.914     6.81    9.58
 -73263.972   130.198     3.47    7.54
 -72894.118   127.941    -6.10    9.83
 -72524.171   122.424   -14.91   12.68
 -72154.129   119.644    -7.51   14.84
 -71783.993   118.650    -2.69   16.98
 -71413.763   122.171     9.51   15.17
 -71043.439   124.251     5.62   11.03
 -70673.020   123.207    -2.82    7.30
 -70302.507   121.305    -5.13    8.51
 -69931.899   118.370    -7.92    8.43
 -69561.196   114.659   -10.01   10.03
 -69190.399   111.784    -7.75    9.79
 -68819.507   107.813   -10.71    8.11
 -68448.520   105.586    -6.00    6.24
 -68077.438   103.935    -4.45    5.83
 -67706.262   102.657    -3.44    7.06
 -67334.990   101.587    -2.88    9.19
 -66963.623    99.580    -5.40   10.48
 -66592.160    96.421    -8.51   10.44
 -66220.603    93.553    -7.72   10.21
 -65848.950    87.803   -15.47   10.69
 -65477.201    81.297   -17.50   11.40
 -65105.358    74.922   -17.14   11.03
 -64733.418    68.710   -16.70   11.32
 -64361.383    64.776   -10.57   13.39
 -63989.252    58.873   -15.86   15.77
 -63617.025    48.460   -27.98   21.44
 -63244.703    36.339   -32.55   24.72
 -62872.284    22.185   -38.01   22.96
 -62499.770    11.997   -27.35   16.57
 -62127.159     4.144   -21.08    3.29
 -61754.452     4.044    -0.27    2.79
 -61381.649     4.583     1.45    2.86
 -61008.750     6.407     4.89    4.77
 -60635.754    12.145    15.38   11.19
 -60262.661    21.273    24.47   13.71
 -59889.473    31.388    27.10   12.47
 -59516.187    39.126    20.73    8.13
 -59142.805    43.443    11.56    5.73
 -58769.326    44.686     3.33    6.03
 -58395.750    45.406     1.93    6.43
 -58022.077    44.979    -1.14    6.35
 -57648.307    42.997    -5.30    7.34
 -57274.441    41.035    -5.25    7.06
 -56900.477    39.776    -3.37    6.20
 -56526.415    40.900     3.01    7.87
 -56152.257    42.030     3.02    8.91
 -55778.001    39.633    -6.41   11.16
 -55403.647    35.051   -12.24   13.01
 -55029.196    33.087    -5.24   11.79
 -54654.648    34.195     2.96    9.28
 -54280.002    36.140     5.19    8.53
 -53905.258    38.895     7.35    6.93
 -53530.416    41.701     7.49    7.32
 -53155.476    43.218     4.04    8.05
 -52780.438    48.432    13.90    7.60
 -52405.302    50.898     6.57    6.98
 -52030.068    48.956    -5.17    9.38
 -51654.736    44.932   -10.72   10.48
 -51279.306    45.131     0.53   11.39
 -50903.777    49.005    10.32   10.33
 -50528.150    48.553    -1.20   10.23
 -50152.424    46.482    -5.51   11.95
 -49776.599    40.412   -16.15   10.78
 -49400.676    37.943    -6.57    7.23
 -49024.654    37.010    -2.48    6.31
 -48648.533    35.974    -2.75    8.44
 -48272.314    34.122    -4.92   10.24
 -47895.995    30.693    -9.11   10.69
 -47519.577    24.943   -15.28   13.22
 -47143.060    18.518   -17.06   12.93
 -46766.444    14.366   -11.02   10.82
 -46389.729    18.837    11.87   17.99
 -46012.914    27.702    23.52   19.65
 -45636.000    34.505    18.05   17.07
 -45258.986    36.645     5.67   13.11
 -44881.872    30.487   -16.33    8.28
 -44504.659    27.479    -7.97    4.60
 -44127.346    27.574     0.25    4.80
 -43749.933    28.611     2.75    7.06
 -43372.421    28.231    -1.01    7.50
 -42994.808    27.528    -1.86    7.43
 -42617.095    26.505    -2.71    7.70
 -42239.282    27.366     2.28    8.04
 -41861.369    30.563     8.46   10.65
 -41483.355    35.776    13.79   10.27
 -41105.241    38.786     7.96    9.17
 -40727.026    37.826    -2.54   11.31
 -40348.711    33.280   -12.02   10.83
 -39970.295    27.435   -15.45    6.60
 -39591.779    24.150    -8.68    5.53
 -39213.162    24.760     1.61    6.03
 -38834.443    24.824     0.17    5.69
 -38455.624    25.176     0.93    6.05
 -38076.704    26.652     3.89    6.05
 -37697.682    27.571     2.42    5.93
 -37318.560    28.404     2.20    6.49
 -36939.336    30.653     5.93    5.43
 -36560.011    32.365     4.51    5.26
 -36180.584    33.597     3.25    7.47
 -35801.056    35.368     4.67    8.80
 -35421.426    34.595    -2.03   11.12
 -35041.694    35.377     2.06   11.01
 -34661.861    38.073     7.10   12.92
 -34281.925    44.800    17.70   18.64
 -33901.888    53.238    22.20   22.80
 -33521.749    55.743     6.59   23.77
 -33141.507    55.268    -1.25   22.95
 -32761.164    49.003   -16.47   18.88
 -32380.718    42.784   -16.35   13.38
 -32000.170    36.989   -15.23   12.25
 -31619.519    35.259    -4.54   12.71
 -31238.766    32.400    -7.51   10.28
 -30857.910    35.312     7.65   11.85
 -30476.952    44.074    23.00   13.42
 -30095.891    55.622    30.31   12.49
 -29714.726    64.005    21.99    9.26
 -29333.459    70.339    16.61    6.51
 -28952.089    75.361    13.17    7.65
 -28570.616    80.304    12.96    7.61
 -28189.040    83.638     8.74    6.81
 -27807.360    83.810     0.45    6.83
 -27425.577    82.932    -2.30    7.35
 -27043.691    83.024     0.24    7.47
 -26661.701    82.974    -0.13    7.78
 -26279.608    84.434     3.82    8.40
 -25897.411    80.995    -9.00   11.30
 -25515.110    70.606   -27.17   19.49
 -25132.705    54.977   -40.87   21.79
 -24750.196    42.743   -31.98   18.70
 -24367.583    38.156   -11.99   16.05
 -23991.014    41.366     8.52   19.79
 -23627.719    51.138    26.90   23.18
 -23264.333    63.802    34.85   22.03
 -22900.856    73.325    26.20   16.94
 -22537.288    77.259    10.82   14.31
 -22173.629    77.076    -0.50   14.15
 -21809.878    73.938    -8.63   16.06
 -21446.037    71.028    -8.00   16.75
 -21082.104    71.898     2.39   16.99
 -20718.080    73.694     4.94   14.24
 -20353.965    70.711    -8.19   14.89
 -19989.757    67.846    -7.87   17.06
 -19625.459    64.182   -10.06   16.34
 -19261.068    64.971     2.16   16.07
 -18896.586    71.777    18.67   17.85
 -18532.013    77.727    16.32   19.47
 -18167.347    83.335    15.38   17.59
 -17802.589    85.718     6.54   13.21
 -17437.740    89.993    11.72   11.68
 -17072.798    91.454     4.00   13.16
 -16707.764    89.882    -4.30   14.09
 -16342.639    91.461     4.32   15.34
 -15977.420    95.859    12.04   21.25
 -15612.110    99.399     9.69   24.81
 -15246.707   107.638    22.55   23.96
 -14881.211   114.632    19.13   24.56
 -14515.623   115.558     2.53   23.56
 -14149.942   118.058     6.84   20.80
 -13784.169   118.120     0.17   17.65
 -13418.303   117.380    -2.02   11.89
 -13052.344   114.407    -8.12   11.00
 -12686.292   108.153   -17.08   12.17
 -12320.147   100.106   -21.98   11.40
 -11953.909    93.995   -16.69    9.06
 -11587.578    88.828   -14.11    4.85
 -11221.154    87.679    -3.13    7.22
 -10854.636    87.235    -1.21    9.45
 -10488.025    86.276    -2.62   10.56
 -10121.321    84.654    -4.42    9.95
  -9754.523    83.110    -4.21    9.23
  -9387.632    83.898     2.15   12.90
  -9020.647    83.219    -1.85   15.15
  -8653.568    83.044    -0.48   16.32
  -8286.396    80.461    -7.04   17.03
  -7919.129    74.628   -15.88   17.71
  -7551.769    65.997   -23.50   18.18
  -7184.315    57.887   -22.07   15.50
  -6816.767    51.702   -16.83   14.27
  -6449.124    51.817     0.31   16.60
  -6081.388    52.437     1.69   16.10
  -5713.557    51.116    -3.59   14.68
  -5345.632    50.768    -0.95   14.33
  -4977.612    48.187    -7.01   12.96
  -4609.498    43.562   -12.56   12.45
  -4241.289    40.792    -7.52   12.82
  -3872.986    37.218    -9.70   11.95
  -3504.587    33.870    -9.09   10.95
  -3136.095    28.063   -15.76   12.63
  -2767.507    22.801   -14.28   13.37
  -2398.824    17.727   -13.76   11.55
  -2030.046    12.042   -15.42    7.17
  -1661.173     9.725    -6.28    8.26
  -1292.205     6.824    -7.86    8.22
   -923.142     4.151    -7.24    7.14
   -553.984     1.863    -6.20    5.29
   -184.730     1.020    -2.29    3.97
    184.620     2.735     4.64    7.33
    554.065     7.272    12.28   11.16
    923.605    12.487    14.11   13.41
   1293.241    21.902    25.47   18.57
   1662.973    37.141    41.22   28.04
   2032.801    51.540    38.93   28.66
   2402.725    66.674    40.91   25.84
   2772.745    76.919    27.69   24.18
   3142.860    81.808    13.21   21.41
   3513.072    85.895    11.04   19.83
   3883.380    87.061     3.15   19.52
   4253.785    91.231    11.26   19.80
   4624.285   100.202    24.21   16.63
   4994.883   107.575    19.90   14.62
   5365.576   111.734    11.22   13.33
   5736.367   119.323    20.47   17.45
   6107.254   129.987    28.75   23.46
   6478.237   148.809    50.74   32.77
   6849.318   174.614    69.54   43.40
   7220.495   199.614    67.35   45.01
   7591.770   216.356    45.09   39.27
   7963.141   215.367    -2.66   38.15
   8334.609   200.378   -40.35   41.01
   8706.175   169.913   -81.99   41.73
   9077.838   154.388   -41.77   37.57
   9449.598   150.759    -9.76   41.85
   9821.456   163.207    33.48   48.58
  10193.411   176.171    34.85   45.70
  10565.464   178.263     5.62   41.85
  10937.615   187.335    24.38   33.04
  11309.863   191.846    12.12   26.35
  11682.209   196.519    12.55   18.63
  12054.653   196.987     1.26   15.54
  12427.195   190.859   -16.45   12.15
  12799.835   184.917   -15.95   10.83
  13172.573   177.204   -20.69   12.46
  13545.409   161.886   -41.09   22.67
  13918.344   142.312   -52.49   31.28
  14291.377   112.297   -80.46   43.71
  14664.508    97.223   -40.40   40.14
  15037.738    96.816    -1.09   38.88
  15411.066   106.507    25.96   37.16
  15784.493   120.656    37.89   26.23
  16158.019   126.079    14.52   13.26
  16531.644   120.255   -15.59   13.50
  16905.367   116.391   -10.34   11.89
  17279.190   117.469     2.88   13.11
  17653.112   124.567    18.98   15.95
  18027.132   130.406    15.61   14.66
  18401.252   124.442   -15.94   20.33
  18775.472   120.459   -10.64   22.88
  19149.790   126.860    17.10   30.97
  19524.208   138.775    31.82   35.63
  19898.726   156.479    47.27   28.70
  20273.343   168.108    31.04   10.11
  20648.060   166.940    -3.12   12.92
  21022.877   163.166   -10.07   19.40
  21397.794   158.200   -13.25   21.23
  21772.810   150.945   -19.35   18.50
  22147.927   145.751   -13.84   15.60
  22523.143   147.479     4.61   16.35
  22898.460   153.658    16.46   21.75
  23273.877   164.247    28.21   24.40
  23649.395   176.638    33.00   21.72
  24025.012   180.323     9.81   19.69
  24400.731   181.505     3.15   16.90
  24776.550   188.280    18.03   17.32
  25152.469   192.720    11.81   21.46
  25528.490   202.718    26.59   20.49
  25904.611   215.946    35.17   19.52
  26280.833   225.719    25.98   22.46
  26657.156   238.872    34.95   20.97
  27033.580   251.368    33.20   12.95
  27410.105   255.437    10.80    8.37
  27786.732   254.791    -1.72    8.26
  28163.459   259.537    12.60   17.83
  28540.289   270.426    28.90   26.14
  28917.219   283.861    35.64   26.23
  29294.251   296.751    34.19   19.09
  29671.385   298.751     5.30   17.97
  30048.621   293.351   -14.31   19.00
  30425.958   285.997   -19.49   17.78
  30803.397   272.499   -35.76   21.89
  31180.939   261.391   -29.42   19.92
  31558.582   244.893   -43.69   23.18
  31936.327   237.061   -20.73   22.75
  32314.175   235.377    -4.46   26.06
  32692.125   230.263   -13.53   26.97
  33070.177   217.118   -34.77   37.15
  33448.332   201.608   -41.01   37.72
  33826.589   190.614   -29.07   33.93
  34204.949   188.981    -4.32   39.28
  34583.412   195.148    16.30   46.20
  34961.977   200.272    13.54   46.46
  35340.646   199.063    -3.19   37.31
  35719.417   189.232   -25.96   31.65
  36098.291   183.475   -15.19   31.17
  36477.269   191.410    20.94   36.04
  36856.350   200.751    24.64   34.62
  37235.534   206.452    15.03   27.21
  37614.821   199.615   -18.03   23.70
  37994.212   188.359   -29.67   23.52
  38373.707   185.421    -7.74   23.62
  38753.305   182.277    -8.28   23.70
  39133.007   185.491     8.47   21.41
  39512.812   189.906    11.62   17.19
  39892.722   184.011   -15.52   19.43
  40272.735   172.846   -29.38   27.01
  40652.853   153.207   -51.67   25.05
  41033.075   136.111   -44.97   15.36
  41413.401   125.674   -27.44   10.24
  41793.831   122.381    -8.65    9.49
  42174.366   124.434     5.39   11.47
  42555.005   128.283    10.11   16.80
  42935.749   136.586    21.81   20.60
  43316.597   142.835    16.41   20.44
  43697.551   136.302   -17.15   23.59
  44078.609   119.923   -42.98   30.27
  44459.772    93.003   -70.63   33.22
  44841.040    68.087   -65.35   26.65
  45222.413    45.847   -58.32   18.79
  45603.891    39.958   -15.44   15.44
  45985.475    47.904    20.82   24.99
  46367.164    70.027    57.96   35.90
  46748.958    94.977    65.35   35.05
  47130.858   127.641    85.53   39.38
  47512.864   156.507    75.57   34.34
  47894.975   178.461    57.46   26.25
  48277.192   188.247    25.60   22.51
  48659.515   190.289     5.34   20.19
  49041.944   178.617   -30.52   22.30
  49424.479   166.831   -30.81   19.17
  49807.121   157.543   -24.27   18.89
  50189.868   144.169   -34.94   21.70
  50572.722   130.393   -35.98   23.91
  50938.436   126.072   -11.82   21.19
  51301.596   130.359    11.81   22.53
  51664.848   147.429    46.99   26.44
  52028.192   163.192    43.38   20.70
  52391.629   166.215     8.32   17.44
  52755.159   157.036   -25.25   22.84
  53118.781   141.259   -43.39   24.33
  53482.496   127.087   -38.97   17.50
  53846.304   122.156   -13.55   13.24
  54210.205   123.333     3.23   12.05
  54574.199   122.290    -2.86   12.12
  54938.286   118.404   -10.67   14.48
  55302.466   105.259   -36.10   21.61
  55666.740    91.946   -36.55   22.14
  56031.106    89.239    -7.43   23.48
  56395.566   100.192    30.05   30.85
  56760.120   108.830    23.69   29.10
  57124.767   115.432    18.10   22.86
  57489.507   112.968    -6.75   22.43
  57854.342   110.783    -5.99   22.65
  58219.269   112.925     5.87   24.70
  58584.291   121.656    23.92   22.46
  58949.407   129.296    20.93   19.43
  59314.616   137.239    21.75   22.76
  59679.920   144.642    20.27   32.03
  60045.318   149.310    12.78   35.40
  60410.810   159.304    27.34   33.10
  60776.396   169.464    27.79   32.53
  61142.076   172.728     8.92   33.55
  61507.851   179.989    19.85   31.48
  61873.720   188.986    24.59   31.72
  62239.684   185.405    -9.78   32.09
  62605.743   183.671    -4.74   27.74
  62971.896   176.930   -18.41   29.04
  63338.144   159.503   -47.58   28.46
  63704.486   142.093   -47.53   23.06
  64070.924   132.961   -24.92   17.88
  64437.457   133.283     0.88   17.63
  64804.084   142.307    24.61   15.88
  65170.807   150.189    21.49   13.71
  65537.625   156.215    16.43   13.10
  65904.539   155.967    -0.68   18.25
  66271.547   155.235    -1.99   21.55
  66638.651   153.833    -3.82   23.02
  67005.851   154.509     1.84   20.96
  67373.146   157.441     7.98   18.23
  67740.537   158.390     2.58   14.56
  68108.024   160.444     5.59   12.06
  68475.606   156.689   -10.22   15.48
  68843.285   151.068   -15.29   17.87
  69211.059   140.869   -27.73   24.05
  69578.929   131.142   -26.44   27.27
  69946.896   119.326   -32.11   27.98
  70314.958   105.228   -38.31   28.98
  70683.117    94.009   -30.47   26.85
  71051.372    82.353   -31.65   24.01
  71419.724    74.511   -21.29   23.59
  71788.172    68.267   -16.95   22.41
  72156.717    61.657   -17.94   18.66
  72525.358    58.547    -8.44   16.05
  72894.097    57.247    -3.52   13.60
  73262.932    59.878     7.13   11.94
  73631.863    62.579     7.32   10.68
  74000.892    65.743     8.57   10.78
  74370.018    69.837    11.09    9.10
  74739.241    70.774     2.54    9.30
  75108.561    69.495    -3.46   10.90
  75477.978    65.509   -10.79   11.31
  75847.493    60.001   -14.91   10.69
  76217.105    55.193   -13.01    8.08
  76586.815    51.340   -10.42    7.11
  76956.622    49.161    -5.89    5.77
  77326.527    49.033    -0.34    5.39
  77696.530    50.992     5.29    7.05
  78066.630    50.460    -1.44    7.90
  78436.829    49.664    -2.15    9.07
  78807.125    51.159     4.04   11.25
  79177.519    54.450     8.89   13.15
  79548.012    63.439    24.26   12.49
  79918.603    71.376    21.42    7.50
  80289.292    73.251     5.06    6.74
  80660.079    67.993   -14.18   11.30
  81030.965    62.164   -15.72   11.88
  81401.949    56.164   -16.17    8.51
  81773.032    55.410    -2.03    7.79
  82144.214    58.362     7.95   10.00
  82515.494    64.458    16.42   11.97
  82886.874    73.681    24.84   14.31
  83258.352    85.559    31.98   16.77
  83629.929    93.279    20.78   16.34
  84001.605    98.426    13.85   17.52
  84373.381   100.662     6.02   17.21
  84745.255    98.953    -4.60   15.10
  85117.229    98.837    -0.31   12.61
  85489.303    97.743    -2.94   11.84
  85861.475    88.883   -23.81   21.86
  86233.748    75.342   -36.38   28.46
  86606.120    54.486   -56.01   24.36
  86978.592    45.505   -24.11   15.09
  87351.163    42.304    -8.59   11.05
  87723.835    35.503   -18.25   19.40
  88096.606    27.348   -21.88   24.21
  88469.478    13.376   -37.47   20.53
  88842.449     3.087   -27.59   11.60
  89215.521    -1.008   -10.98    1.12
  89588.693    -1.249    -0.64    0.00
  89961.966    -1.249     0.00    0.00
  90335.339    -1.249     0.00    0.00
  90708.812    -1.249     0.00    0.00
  91082.386    -1.249     0.00    0.00
  91456.061    -1.249     0.00    0.00
  91829.837    -1.249     0.00    0.00
  92203.713    -1.249     0.00    0.00
  92577.691    -1.249     0.00    0.00
  92951.769    -1.249     0.00    0.00
  93325.949    -1.249     0.00    0.00
  93700.229    -1.249     0.00    0.00
  94074.611    -1.249     0.00    0.00
  94449.095    -1.249     0.00    0.00
  94823.680    -1.249     0.00    0.00
  95198.366    -1.249     0.00    0.00
  95573.154    -1.249     0.00    0.00
  95948.043    -1.249     0.00    0.00
  96323.035    -1.249     0.00    0.00
  96698.128    -1.249     0.00    0.00
  97073.323    -1.249     0.00    0.00
  97448.621    -1.249     0.00    0.00
  97824.020    -1.249     0.00    0.00
  98199.522    -1.249     0.00    0.00
  98575.125    -1.249     0.00    0.00
  98950.832    -1.249     0.00    0.00
  99326.640    -1.249     0.00    0.00
  99702.552    -1.249     0.00    0.00
 100078.565    -1.249     0.00    0.00
 100454.682    -1.249     0.00    0.00
 100830.901    -1.249     0.00    0.00
 101207.223    -1.249     0.00    0.00
 101583.648    -1.249     0.00    0.00
 101960.177    -1.249     0.00    0.00
 102336.808    -1.249     0.00    0.00
 102713.542    -1.249     0.00    0.00
 103090.380    -1.249     0.00    0.00
 103467.321    -1.249     0.00    0.00
 103844.366    -1.249     0.00    0.00
 104221.514    -1.249     0.00    0.00
 104598.766    -1.249     0.00    0.00
 104976.121    -1.249     0.00    0.00
 105353.581    -1.249     0.00    0.00
 105731.144    -1.249     0.00    0.00
 106108.811    -1.249     0.00    0.00
 106486.583    -1.249     0.00    0.00
 106864.458    -1.249     0.00    0.00
 107242.438    -1.249     0.00    0.00
 107620.522    -1.249     0.00    0.00
 107998.710    -1.249     0.00    0.00
 108377.003    -1.249     0.00    0.00
 108755.401    -1.249     0.00    0.00
 109133.903    -1.249     0.00    0.00
 109512.510    -1.249     0.00    0.00
 109891.222    -1.249     0.00    0.00
 110270.039    -1.249     0.00    0.00
 110648.961    -1.249     0.00    0.00
 111027.988    -1.249     0.00    0.00
 111407.120    -1.249     0.00    0.00
 111786.357    -1.249     0.00    0.00
 112165.700    -1.249     0.00    0.00
 112545.148    -1.249     0.00    0.00
 112924.702    -1.249     0.00    0.00
 113304.362    -1.249     0.00    0.00
 113684.127    -1.249     0.00    0.00
 114063.998    -1.249     0.00    0.00
 114443.975    -1.249     0.00    0.00
 114824.058    -1.249     0.00    0.00
 115204.247    -1.249     0.00    0.00
 115584.542    -1.249     0.00    0.00
 115964.943    -1.249     0.00    0.00
 116345.451    -1.249     0.00    0.00
 116726.066    -1.249     0.00    0.00
 117106.786    -1.249     0.00    0.00
 117487.614    -1.249     0.00    0.00
 117868.548    -1.249     0.00    0.00
 118249.589    -1.249     0.00    0.00
 118630.737    -1.249     0.00    0.00
 119011.992    -1.249     0.00    0.00
 119393.354    -1.249     0.00    0.00
 119774.823    -1.249     0.00    0.00
 120156.399    -1.249     0.00    0.00
 120538.083    -1.249     0.00    0.00
 120919.874    -1.249     0.00    0.00
 121301.773    -1.249     0.00    0.00
 121683.779    -1.249     0.00    0.00
 122065.893    -1.249     0.00    0.00
 122448.115    -1.249     0.00    0.00
 122830.445    -1.249     0.00    0.00
 123212.882    -1.249     0.00    0.00
 123595.428    -1.249     0.00    0.00
 123978.082    -1.249     0.00    0.00
 124360.844    -1.249     0.00    0.00
 124743.715    -1.249     0.00    0.00
 125126.694    -1.249     0.00    0.00
 125501.472    -1.249     0.00    0.00
 125864.413    -1.249     0.00    0.00
 126227.448    -1.249     0.00    0.00
 126590.576    -1.249     0.00    0.00
 126953.798    -1.249     0.00    0.00
 127317.115    -1.249     0.00    0.00
 127680.525    -1.249     0.00    0.00
 128044.030    -1.249     0.00    0.00
 128407.628    -1.249     0.00    0.00
 128771.321    -1.249     0.00    0.00
 129135.109    -1.249     0.00    0.00
 129498.991    -1.249     0.00    0.00
 129862.967    -1.249     0.00    0.00
 130227.038    -1.249     0.00    0.00
 130591.204    -1.249     0.00    0.00
 130955.464    -1.249     0.00    0.00
 131319.819    -1.249     0.00    0.00
 131684.269    -1.249     0.00    0.00
 132048.815    -1.249     0.00    0.00
 132413.455    -1.249     0.00    0.00
 132778.190    -1.249     0.00    0.00
 133143.020    -1.249     0.00    0.00
 133507.946    -1.249     0.00    0.00
 133872.967    -1.249     0.00    0.00
 134238.084    -1.249     0.00    0.00
 134603.296    -1.249     0.00    0.00
 134968.603    -1.249     0.00    0.00
 135334.006    -1.249     0.00    0.00
 135699.505    -1.249     0.00    0.00
 136065.100    -1.249     0.00    0.00
 136430.791    -1.249     0.00    0.00
 136796.577    -1.249     0.00    0.00
 137162.460    -1.249     0.00    0.00
 137528.439    -1.249     0.00    0.00
 137894.514    -1.249     0.00    0.00
 138260.685    -1.249     0.00    0.00
 138626.953    -1.249     0.00    0.00
 138993.317    -1.249     0.00    0.00
 139359.777    -1.249     0.00    0.00
 139726.334    -1.249     0.00    0.00
 140092.988    -1.249     0.00    0.00
 140459.739    -1.249     0.00    0.00
 140826.586    -1.249     0.00    0.00
 141193.530    -1.249     0.00    0.00
 141560.571    -1.249     0.00    0.00
 141927.710    -1.249     0.00    0.00
 142294.945    -1.249     0.00    0.00
 142662.277    -1.249     0.00    0.00
 143029.707    -1.249     0.00    0.00
 143397.234    -1.249     0.00    0.00
 143764.859    -1.249     0.00    0.00
 144132.581    -1.249     0.00    0.00
 144500.401    -1.249     0.00    0.00
 144868.318    -1.249     0.00    0.00
 145236.334    -1.249     0.00    0.00
 145604.447    -1.249     0.00    0.00
 145972.658    -1.249     0.00    0.00
 146340.966    -1.249     0.00    0.00
 146709.373    -1.249     0.00    0.00
 147077.879    -1.249     0.00    0.00
 147446.482    -1.249     0.00    0.00
 147815.184    -1.249     0.00    0.00
 148183.984    -1.249     0.00    0.00
 148552.882    -1.249     0.00    0.00
 148921.880    -1.249     0.00    0.00
 149290.975    -1.249     0.00    0.00
 149660.170    -1.249     0.00    0.00
 150029.463    -1.249     0.00    0.00
 150398.855    -1.249     0.00    0.00
 150768.346    -1.249     0.00    0.00
 151137.936    -1.249     0.00    0.00
 151507.626    -1.249     0.00    0.00
 151877.414    -1.249     0.00    0.00
 152247.302    -1.249     0.00    0.00
 152617.289    -1.249     0.00    0.00
 152987.375    -1.249     0.00    0.00
 153357.562    -1.249     0.00    0.00
 153727.847    -1.249     0.00    0.00
 154098.233    -1.249     0.00    0.00
 154468.718    -1.249     0.00    0.00
 154839.303    -1.249     0.00    0.00
 155209.988    -1.249     0.00    0.00
 155580.773    -1.249     0.00    0.00
 155951.658    -1.249     0.00    0.00
 156322.643    -1.249     0.00    0.00
 156693.728    -1.249     0.00    0.00
 157064.914    -1.249     0.00    0.00
 157436.200    -1.249     0.00    0.00
 157807.587    -1.249     0.00    0.00
 158179.074    -1.249     0.00    0.00
 158550.662    -1.249     0.00    0.00
 158922.351    -1.249     0.00    0.00
 159294.141    -1.249     0.00    0.00
 159666.031    -1.249     0.00    0.00
 160038.023    -1.249     0.00    0.00
 160410.116    -1.249     0.00    0.00
 160782.309    -1.249     0.00    0.00
 161154.605    -1.249     0.00    0.00
 161527.001    -1.249     0.00    0.00
 161899.499    -1.249     0.00    0.00
 162272.098    -1.249     0.00    0.00
 162644.799    -1.249     0.00    0.00
 163017.602    -1.249     0.00    0.00
 163390.506    -1.249     0.00    0.00
 163763.512    -1.249     0.00    0.00
 164136.621    -1.249     0.00    0.00
 164509.831    -1.249     0.00    0.00
 164883.143    -1.249     0.00    0.00
 165256.558    -1.249     0.00    0.00
 165630.074    -1.249     0.00    0.00
 166003.694    -1.249     0.00    0.00
 166377.415    -1.249     0.00    0.00
 166751.239    -1.249     0.00    0.00
 167125.166    -1.249     0.00    0.00
 167499.196    -1.249     0.00    0.00
 167873.328    -1.249     0.00    0.00
 168247.563    -1.249     0.00    0.00
 168621.901    -1.249     0.00    0.00
 168996.342    -1.249     0.00    0.00
 169370.886    -1.249     0.00    0.00
 169745.534    -1.249     0.00    0.00
 170120.284    -1.249     0.00    0.00
 170495.139    -1.249     0.00    0.00
 170870.096    -1.249     0.00    0.00
 171245.157    -1.249     0.00    0.00
 171620.322    -1.249     0.00    0.00
 171995.591    -1.249     0.00    0.00
 172370.963    -1.249     0.00    0.00
 172746.439    -1.249     0.00    0.00
 173122.020    -1.249     0.00    0.00
 173497.704    -1.249     0.00    0.00
 173873.493    -1.249     0.00    0.00
 174249.385    -1.249     0.00    0.00
 174625.383    -1.249     0.00    0.00
 175001.484    -1.249     0.00    0.00
 175377.690    -1.249     0.00    0.00
 175754.001    -1.249     0.00    0.00
 176130.417    -1.249     0.00    0.00
 176506.937    -1.249     0.00    0.00
 176883.562    -1.249     0.00    0.00
 177260.292    -1.249     0.00    0.00
 177637.127    -1.249     0.00    0.00
 178014.068    -1.249     0.00    0.00
 178391.113    -1.249     0.00    0.00
 178768.264    -1.249     0.00    0.00
 179145.520    -1.249     0.00    0.00
 179522.882    -1.249     0.00    0.00
 179900.350    -1.249     0.00    0.00
 180277.923    -1.249     0.00    0.00
 180655.601    -1.249     0.00    0.00
 181033.386    -1.249     0.00    0.00
 181411.277    -1.249     0.00    0.00
 181789.274    -1.249     0.00    0.00
 182167.376    -1.249     0.00    0.00
 182545.585    -1.249     0.00    0.00
 182923.901    -1.249     0.00    0.00
 183302.323    -1.249     0.00    0.00
 183680.851    -1.249     0.00    0.00
 184059.486    -1.249     0.00    0.00
 184438.227    -1.249     0.00    0.00
 184817.076    -1.249     0.00    0.00
 185196.031    -1.249     0.00    0.00
 185575.093    -1.249     0.00    0.00
 185954.262    -1.249     0.00    0.00
 186333.538    -1.249     0.00    0.00
