# NaN NaN NaN ;Mean Elev.(m), Avg Gradient(m/km), RMS Gradient(m/km) - SRTM1     
#    7.635  -2.181   7.107 ;Mean Elev.(m), Avg Gradient(m/km), RMS Gradient(m/km) - ASTER GDEM
#    1.816  -2.391   8.670 ;Mean Elev.(m), Avg Gradient(m/km), RMS Gradient(m/km) - GMTED2010 
  7 121.285780  72.773893    -0.009     0.136  3 52468.49974798 26.712
  8 121.292612  72.773519    -1.941    -1.938  3 52503.49973601 24.094
 10 121.279370  72.773418     0.319     0.354  3 52573.49976167 27.704
 11 121.293504  72.774553    30.187    31.005  3 52608.49971999  3.848
 20 121.296644  72.776423     0.854     0.857  3 52923.49981776 31.678
 22 121.280562  72.773675     0.992     0.939  3 52993.49981116  9.466
 28 121.281256  72.774147     0.294     0.235  4 53203.49985624 18.714
 29 121.297922  72.777046     0.174     0.086  3 53238.49982480 23.545
 31 121.271926  72.773906     0.119     0.136  4 53308.49984324 19.678
 38 121.282434  72.773029    -0.191    -0.143  3 53553.49988066 26.547
 39 121.298634  72.775529     0.400     0.206  3 53588.49982956 26.098
 41 121.272963  72.772597     0.722     0.707  4 53658.49982982 35.954
 42 121.293700  72.773913     0.652     0.606  3 53693.49980968 14.927
 44 121.277265  72.772934     0.401     0.406  4 53763.49969273  8.819
 47 121.275844  72.772526     5.504     5.426  4 53868.49976175  2.792
 48 121.281239  72.773708     9.164     9.365  4 53903.49979418 22.600
 49 121.273894  72.773038     0.360     0.394  3 53938.49982978 22.589
 50 121.291989  72.775902     0.202     0.239  3 53973.49979149 27.121
 52 121.279581  72.773834     0.083     0.100  4 54043.49980356 24.869
 53 121.296197  72.773805    31.917    31.917  2 54078.49979679  2.051
 58 121.283839  72.773115     6.278     4.756  3 54253.49977591 33.306
 59 121.290195  72.773965     0.054     0.041  4 54288.49977961 24.067
 60 121.288166  72.773947     0.222     0.288  3 54323.49977704 27.593
 61 121.304916  72.776532     1.665     1.654  3 54358.49973358 42.278
 62 121.282974  72.773903     0.443     0.475  3 54393.49971744 28.277
 64 121.270914  72.776436     0.057     0.057  2 54463.49969682 12.822
 69 121.287791  72.773947     3.006     0.902  4 54638.49971538 25.789
 70 121.287402  72.773999     3.389     0.537  3 54673.49971833 20.106
 71 121.300028  72.775073     5.719     7.412  3 54708.49967655 22.876
 72 121.281081  72.773227    -0.255    -0.224  3 54743.49968427 43.351
 73 121.293018  72.774467     0.268     0.344  3 54778.49965905 20.401
 74 121.268473  72.776105    -0.292    -0.292  2 54813.49967857 14.326
 79 121.279607  72.773810     3.854     3.953  4 54988.49969983 42.810
 80 121.291543  72.774830     0.353     0.288  3 55023.49969160 19.868
 81 121.287559  72.775111     0.118     0.304  3 55058.49968706 20.265
 82 121.299052  72.777452     0.069     0.025  3 55093.49964150 26.509
 83 121.281501  72.774233     0.473     0.434  4 55128.49962775 36.379
 85 121.273275  72.775053    -0.304    -0.318  3 55198.49961956 10.221
 89 121.286798  72.774281     4.940     5.041  4 55338.49958691 19.599
 90 121.290947  72.774403     1.404     1.423  3 55373.49957767 46.716
 91 121.280745  72.774089     0.960     0.903  3 55408.49959885 20.755
 92 121.291636  72.773680     3.267     1.107  3 55443.49959547 25.440
 93 121.305995  72.777149     0.232     0.382  3 55478.49953401 44.849
