 -78260.770    -1.103     0.00    0.00
 -77891.710    -1.103     0.00    0.00
 -77522.748    -1.103     0.00    0.00
 -77153.884    -1.103     0.00    0.00
 -76785.118    -1.103     0.00    0.00
 -76416.450    -1.103     0.00    0.00
 -76047.881    -1.103     0.00    0.00
 -75679.409    -1.103     0.00    0.00
 -75311.035    -1.103     0.00    0.00
 -74942.759    -1.103     0.00    0.00
 -74574.581    -1.103     0.00    0.00
 -74206.500    -1.103     0.00    0.00
 -73838.517    -1.103     0.00    0.00
 -73470.631    -1.103     0.00    0.00
 -73102.843    -1.103     0.00    0.00
 -72735.152    -1.103     0.00    0.00
 -72367.558    -1.103     0.00    0.00
 -72000.062    -1.103     0.00    0.00
 -71632.662    -1.103     0.00    0.00
 -71265.359    -1.103     0.00    0.00
 -70898.154    -1.103     0.00    0.00
 -70531.045    -1.103     0.00    0.00
 -70164.033    -1.103     0.00    0.00
 -69797.118    -1.103     0.00    0.00
 -69430.299    -1.103     0.00    0.00
 -69063.577    -1.103     0.00    0.00
 -68696.951    -1.103     0.00    0.00
 -68330.422    -1.103     0.00    0.00
 -67963.989    -1.103     0.00    0.00
 -67597.652    -1.103     0.00    0.00
 -67231.411    -1.103     0.00    0.00
 -66865.266    -1.103     0.00    0.00
 -66499.218    -1.103     0.00    0.00
 -66133.265    -1.103     0.00    0.00
 -65767.408    -1.103     0.00    0.00
 -65401.647    -1.103     0.00    0.00
 -65035.981    -1.103     0.00    0.00
 -64670.412    -1.103     0.00    0.00
 -64304.937    -1.103     0.00    0.00
 -63939.558    -1.103     0.00    0.00
 -63574.275    -1.103     0.00    0.00
 -63209.087    -1.103     0.00    0.00
 -62843.994    -1.103     0.00    0.00
 -62478.996    -1.103     0.00    0.00
 -62114.093    -1.103     0.00    0.00
 -61749.286    -1.103     0.00    0.00
 -61384.573    -1.103     0.00    0.00
 -61019.955    -1.103     0.00    0.00
 -60655.432    -1.103     0.00    0.00
 -60291.003    -1.103     0.00    0.00
 -59926.669    -1.103     0.00    0.00
 -59562.430    -1.103     0.00    0.00
 -59198.285    -1.103     0.00    0.00
 -58834.235    -1.103     0.00    0.00
 -58470.279    -1.103     0.00    0.00
 -58106.417    -1.103     0.00    0.00
 -57742.649    -1.103     0.00    0.00
 -57378.976    -1.103     0.00    0.00
 -57015.396    -1.103     0.00    0.00
 -56651.911    -1.103     0.00    0.00
 -56288.519    -1.103     0.00    0.00
 -55925.221    -1.103     0.00    0.00
 -55562.017    -1.103     0.00    0.00
 -55198.906    -1.103     0.00    0.00
 -54831.947    -1.103     0.00    0.00
 -54448.844    -1.103     0.00    0.00
 -54065.849    -1.103     0.00    0.00
 -53682.963    -1.103     0.00    0.00
 -53300.184    -1.103     0.00    0.00
 -52917.514    -1.103     0.00    0.00
 -52534.951    -1.103     0.00    0.00
 -52152.496    -1.103     0.00    0.00
 -51770.149    -1.103     0.00    0.00
 -51387.909    -1.103     0.00    0.00
 -51005.777    -1.103     0.00    0.00
 -50623.753    -1.103     0.00    0.00
 -50241.835    -1.103     0.00    0.00
 -49860.025    -1.103     0.00    0.00
 -49478.322    -1.103     0.00    0.00
 -49096.726    -1.103     0.00    0.00
 -48715.236    -1.057     0.12    0.30
 -48333.854    -0.772     0.75    1.47
 -47952.578    -0.164     1.60    2.49
 -47571.410     0.327     1.29    3.46
 -47190.347     1.199     2.29    4.65
 -46809.391     1.605     1.06    5.06
 -46428.542     1.736     0.34    5.05
 -46047.799     2.269     1.40    5.64
 -45667.162     2.819     1.44    5.91
 -45286.631     5.108     6.02    7.00
 -44906.207     5.989     2.32    6.94
 -44525.888     5.062    -2.44    6.84
 -44145.675     2.752    -6.08    6.22
 -43765.568     0.495    -5.94    4.67
 -43385.566     3.098     6.85    6.93
 -43005.671     6.674     9.41    7.27
 -42625.880     9.300     6.92    5.64
 -42246.195     9.382     0.21    3.51
 -41866.616     7.625    -4.63    2.70
 -41487.141     6.192    -3.78    2.52
 -41107.772     5.482    -1.87    2.39
 -40728.508     4.713    -2.03    2.28
 -40349.349     3.783    -2.45    2.18
 -39970.295     3.627    -0.41    2.01
 -39591.346     3.225    -1.06    1.57
 -39212.501     4.091     2.29    2.20
 -38833.761     5.848     4.64    2.90
 -38455.126     8.097     5.94    3.65
 -38076.595     9.613     4.01    3.79
 -37698.168     8.374    -3.28    5.18
 -37319.846     6.797    -4.17    5.63
 -36941.627     5.054    -4.61    5.42
 -36563.513     3.335    -4.55    4.70
 -36185.503     2.529    -2.13    4.62
 -35807.597     1.393    -3.01    4.07
 -35429.795     0.566    -2.19    3.34
 -35052.097    -0.458    -2.71    2.27
 -34674.502    -0.971    -1.36    0.83
 -34297.011    -0.788     0.49    1.51
 -33919.623    -0.087     1.86    2.50
 -33542.339     0.151     0.63    2.75
 -33165.158     0.397     0.65    2.91
 -32788.081     0.444     0.12    2.77
 -32411.106     0.734     0.77    2.83
 -32034.235     1.700     2.56    3.00
 -31657.467     2.043     0.91    2.73
 -31280.801     2.699     1.74    2.34
 -30904.239     2.616    -0.22    2.07
 -30527.779     2.912     0.79    1.88
 -30151.422     2.929     0.04    2.02
 -29775.167     2.579    -0.93    2.05
 -29399.015     2.161    -1.11    2.05
 -29022.966     1.169    -2.64    1.10
 -28647.018     0.874    -0.79    0.75
 -28271.173     0.755    -0.31    0.57
 -27895.430     1.131     1.00    0.91
 -27519.789     1.246     0.31    1.00
 -27144.250     1.456     0.56    1.09
 -26768.814     1.332    -0.33    1.11
 -26393.478     1.062    -0.72    1.04
 -26018.245     1.106     0.12    1.09
 -25643.113     1.053    -0.14    0.94
 -25268.083     1.113     0.16    1.01
 -24893.155     1.083    -0.08    1.18
 -24518.327     0.753    -0.88    1.19
 -24143.601     0.397    -0.95    1.06
 -23768.977     0.005    -1.04    0.53
 -23394.453     5.758    15.36   19.58
 -23020.031    20.215    38.61   31.96
 -22645.709    40.306    53.68   41.30
 -22271.489    55.489    40.57   42.35
 -21897.369    53.014    -6.62   37.55
 -21523.350    44.873   -21.77   31.27
 -21149.432    44.494    -1.01   33.14
 -20775.614    52.256    20.77   35.70
 -20401.897    54.914     7.11   34.82
 -20028.280    51.533    -9.05   28.91
 -19654.764    49.553    -5.30   23.32
 -19281.348    53.556    10.72   24.91
 -18908.032    64.975    30.59   25.35
 -18534.816    73.051    21.64   23.96
 -18161.700    81.306    22.12   17.45
 -17788.684    85.251    10.58   12.49
 -17415.768    83.544    -4.58    9.91
 -17042.952    80.393    -8.45   11.40
 -16670.236    73.057   -19.68   11.27
 -16297.619    67.697   -14.38   10.21
 -15925.101    66.272    -3.83    9.08
 -15552.683    69.832     9.56   10.74
 -15180.365    74.303    12.01    9.93
 -14808.145    76.694     6.42    8.15
 -14436.025    79.330     7.09    7.45
 -14064.004    86.540    19.38   13.38
 -13692.082    99.749    35.51   21.01
 -13320.260   123.450    63.74   29.42
 -12948.536   143.339    53.51   26.65
 -12576.910   154.977    31.32   17.26
 -12205.384   156.238     3.39   13.96
 -11833.956   152.358   -10.45   12.18
 -11462.627   152.104    -0.68   13.50
 -11091.396   157.647    14.93   16.99
 -10720.264   159.763     5.70   19.22
 -10349.230   161.422     4.47   18.60
  -9978.294   164.069     7.14   15.46
  -9607.457   167.369     8.90   12.53
  -9236.717   170.305     7.92    8.68
  -8866.076   170.506     0.54    8.83
  -8495.532   165.737   -12.87   13.61
  -8125.087   159.278   -17.44   17.17
  -7754.739   151.960   -19.76   21.73
  -7384.489   140.707   -30.39   22.76
  -7014.337   129.178   -31.15   18.50
  -6644.282   120.139   -24.43   14.14
  -6274.324   115.322   -13.02   13.19
  -5904.464   107.764   -20.43   15.36
  -5534.702    97.639   -27.38   20.84
  -5165.036    88.711   -24.15   20.21
  -4795.468    82.788   -16.03   15.79
  -4425.997    75.345   -20.14   13.82
  -4056.623    71.167   -11.31   15.43
  -3687.346    69.967    -3.25   18.09
  -3318.165    75.274    14.37   25.48
  -2949.082    93.346    48.96   29.25
  -2580.095   102.525    24.88   22.64
  -2211.205    97.280   -14.22   27.02
  -1842.411    76.102   -57.43   33.72
  -1473.714    51.682   -66.23   33.76
  -1105.113    28.514   -62.85   25.74
   -736.609    12.417   -43.68   15.53
   -368.200     3.897   -23.13    8.27
      0.112     0.064   -10.41    0.90
    368.328    -0.103    -0.45    0.00
    736.447     4.318    12.01   15.05
   1104.471    19.481    41.20   29.00
   1472.400    34.600    41.09   31.90
   1840.232    44.453    26.79   27.13
   2207.968    52.373    21.54   16.55
   2575.609    49.670    -7.35   13.08
   2943.155    46.474    -8.70    9.42
   3310.605    48.054     4.30   12.10
   3677.959    49.921     5.08   16.10
   4045.218    51.797     5.11   17.75
   4412.382    57.487    15.50   17.19
   4779.451    65.178    20.95   19.00
   5146.424    70.397    14.22   20.25
   5513.303    81.217    29.49   23.06
   5880.086    92.834    31.67   26.15
   6246.775   101.966    24.90   23.86
   6613.369   110.409    23.03   16.60
   6979.868   113.425     8.23    9.63
   7346.272   109.172   -11.61    6.25
   7712.582   102.637   -17.84    9.86
   8078.797    95.330   -19.95    9.75
   8444.918    89.368   -16.28    7.77
   8810.944    83.100   -17.13    7.36
   9176.876    78.793   -11.77    8.76
   9542.714    74.783   -10.96    8.15
   9908.458    73.874    -2.49    6.16
  10274.108    73.542    -0.91    5.31
  10639.663    71.840    -4.66    6.33
  11005.125    68.070   -10.31    8.39
  11370.493    63.225   -13.26    8.42
  11735.767    59.233   -10.93    7.16
  12100.947    57.584    -4.51    6.13
  12466.034    57.961     1.03    5.42
  12831.027    58.117     0.43    4.90
  13195.927    58.538     1.15    5.25
  13560.733    58.114    -1.16    5.35
  13925.446    57.225    -2.44    5.19
  14290.065    58.102     2.40    6.67
  14654.592    63.194    13.97   12.46
  15019.025    73.016    26.95   18.55
  15383.365    81.913    24.42   20.53
  15747.612    91.413    26.08   19.07
  16111.767   101.008    26.35   17.38
  16475.828   108.191    19.73   17.53
  16839.797   116.312    22.31   16.28
  17203.673   122.977    18.32   14.20
  17567.456   129.087    16.80   14.16
  17931.147   135.938    18.84   13.23
  18294.745   140.978    13.86   12.95
  18658.251   144.841    10.63   14.04
  19021.664   146.347     4.14   15.44
  19384.986   145.593    -2.08   16.77
  19748.215   143.444    -5.92   15.50
  20127.371   142.638    -2.12   13.58
  20510.228   140.564    -5.42   13.06
  20892.980   141.429     2.26   13.17
  21275.625   146.945    14.41   11.86
  21658.165   149.929     7.80   10.58
  22040.599   152.669     7.17   10.19
  22422.927   150.849    -4.76   11.66
  22805.150   150.880     0.08   12.14
  23187.267   147.159    -9.74   15.13
  23569.279   142.865   -11.24   17.30
  23951.186   139.641    -8.44   17.89
  24332.987   137.365    -5.96   18.85
  24714.684   133.717    -9.56   21.53
  25096.275   133.889     0.45   22.32
  25477.762   133.507    -1.00   24.48
  25859.143   129.802    -9.72   24.74
  26240.420   127.153    -6.95   22.20
  26621.593   122.816   -11.38   17.65
  27002.660   121.056    -4.62   14.18
  27383.623   118.225    -7.43   12.03
  27764.482   119.716     3.92   11.57
  28145.237   122.460     7.21   13.03
  28525.887   128.708    16.41   13.28
  28906.433   132.230     9.26   10.44
  29286.875   130.954    -3.36    9.10
  29667.213   125.737   -13.72   10.87
  30047.447   119.527   -16.33   10.55
  30427.577   116.373    -8.30   10.86
  30807.604   115.542    -2.19    9.70
  31187.527   115.561     0.05    5.79
  31567.346   111.449   -10.83    8.74
  31947.062   108.082    -8.87    8.52
  32326.674   108.065    -0.04    8.93
  32706.184   111.409     8.81    9.58
  33085.590   116.889    14.44    7.23
  33464.893   119.310     6.38    9.54
  33844.092   122.502     8.42   12.75
  34223.189   128.167    14.94   12.83
  34602.183   132.259    10.80   12.57
  34981.074   131.699    -1.48   12.13
  35359.863   127.329   -11.54   12.44
  35738.548   120.300   -18.56   11.75
  36117.132   113.151   -18.88    9.21
  36495.612   107.115   -15.95    7.19
  36873.991   105.056    -5.44    7.74
  37252.267   100.194   -12.85   11.36
  37630.441    85.849   -37.93   23.29
  38008.512    74.978   -28.75   23.19
  38386.482    67.905   -18.71   17.57
  38764.350    69.209     3.45   17.32
  39142.116    79.447    27.10   15.14
  39519.780    89.193    25.81   11.29
  39897.342    95.133    15.73   10.18
  40274.803    97.629     6.61    9.42
  40652.162    96.945    -1.81    9.88
  41029.419    94.754    -5.81    8.73
  41406.576    96.825     5.49    8.11
  41783.630   101.016    11.11    9.39
  42160.584   107.100    16.14    8.76
  42537.437   110.281     8.44    8.34
  42914.188   110.319     0.10   10.66
  43290.839   105.633   -12.44   13.63
  43667.388    98.271   -19.55   15.72
  44043.837    88.814   -25.12   14.56
  44420.185    84.137   -12.43   11.54
  44796.432    82.558    -4.20    8.03
  45172.579    88.361    15.43   10.11
  45548.625    95.123    17.98    9.59
  45924.571   100.768    15.02    5.79
  46300.416   102.090     3.52    4.82
  46676.162   101.516    -1.53    5.15
  47051.807   100.369    -3.05    4.16
  47427.352   101.028     1.76    4.16
  47802.796   103.312     6.08    4.80
  48178.141   104.961     4.39    4.29
  48553.387   107.285     6.19    4.69
  48928.532   109.969     7.15    5.66
  49303.577   111.450     3.95    5.57
  49678.523   109.455    -5.32    6.30
  50053.370   106.529    -7.81    5.69
  50428.117   104.914    -4.31    4.91
  50802.765   104.500    -1.10    5.52
  51177.313   104.364    -0.36    6.05
  51551.762   103.336    -2.75    7.52
  51926.112   102.276    -2.83    8.08
  52300.363   101.647    -1.68    8.08
  52674.515   101.473    -0.47    6.82
  53048.568   101.321    -0.41    6.08
  53422.522   101.438     0.31    7.59
  53796.377   103.641     5.89    9.35
  54170.134   107.580    10.54    9.61
  54543.792   111.198     9.68    8.09
  54917.351   111.599     1.07    6.45
  55290.813   111.706     0.29    5.09
  55664.175   113.817     5.65    6.18
  56037.440   118.236    11.84    9.66
  56410.606   127.002    23.49   13.15
  56783.674   133.249    16.74   12.79
  57156.644   136.035     7.47   11.92
  57529.516   131.582   -11.94   11.29
  57902.291   124.873   -18.00    9.43
  58274.967   117.289   -20.35    8.41
  58647.546   113.329   -10.63    7.48
  59020.027   111.401    -5.18    6.52
  59392.410   110.368    -2.77    5.52
  59764.696   108.946    -3.82    5.26
  60136.884   106.119    -7.59    5.58
  60508.976   102.633    -9.37    4.47
  60880.969   100.198    -6.55    3.66
  61252.866    97.211    -8.03    4.10
  61624.665    94.187    -8.13    5.22
  61996.368    91.107    -8.29    4.79
  62367.973    88.625    -6.68    3.69
  62739.482    87.192    -3.86    2.57
  63110.894    86.889    -0.82    2.57
  63482.209    87.590     1.89    2.48
  63853.427    87.889     0.80    2.72
  64224.549    86.921    -2.61    3.43
  64595.574    86.203    -1.93    3.86
  64966.502    84.535    -4.50    3.18
  65337.335    81.365    -8.55    4.95
  65708.071    79.295    -5.58    5.00
  66078.711    77.938    -3.66    4.04
  66449.254    77.784    -0.42    3.43
  66819.702    80.166     6.43    3.63
  67190.054    82.470     6.22    3.37
  67560.309    83.744     3.44    2.75
  67930.469    83.138    -1.64    3.56
  68300.533    80.139    -8.10    5.65
  68670.502    76.507    -9.82    6.00
  69040.374    72.219   -11.59    3.52
  69410.152    69.214    -8.13    3.42
  69779.833    67.183    -5.49    3.77
  70149.420    65.937    -3.37    3.61
  70518.911    64.800    -3.08    2.67
  70888.307    64.923     0.33    2.57
  71257.607    66.034     3.01    2.24
  71626.813    66.372     0.92    1.90
  71995.923    65.422    -2.57    2.87
  72364.939    63.994    -3.87    3.62
  72733.859    62.090    -5.16    3.21
  73102.685    59.873    -6.01    3.45
  73471.416    56.425    -9.35    7.50
  73840.052    51.811   -12.52    8.81
  74208.594    49.271    -6.89    7.78
  74577.042    48.364    -2.46    7.59
  74945.394    52.100    10.14    8.52
  75313.653    55.961    10.48    7.64
  75681.817    59.678    10.10    6.54
  76049.887    63.348     9.97    5.92
  76417.863    65.687     6.36    5.99
  76785.745    68.471     7.57    4.54
  77153.532    70.279     4.92    3.73
  77521.226    71.612     3.63    3.22
  77888.826    71.575    -0.10    3.40
  78256.332    70.260    -3.58    3.53
  78623.745    68.409    -5.04    4.46
  78991.063    65.528    -7.84    6.16
  79358.289    63.244    -6.22    6.84
  79725.420    62.439    -2.19    6.19
  80092.459    62.381    -0.16    5.46
  80459.403    62.986     1.65    5.28
  80826.255    64.225     3.38    5.33
  81193.013    65.872     4.49    6.13
  81559.679    67.726     5.06    7.36
  81926.251    70.757     8.27    8.54
  82292.730    73.677     7.97    8.94
  82659.116    75.575     5.18    8.77
  83025.410    77.100     4.17    8.01
  83391.610    79.357     6.16    8.06
  83757.718    81.046     4.61    7.55
  84123.733    82.914     5.10    7.04
  84489.656    83.655     2.03    6.31
  84855.486    83.838     0.50    5.38
  85221.224    84.889     2.87    4.27
  85586.869    86.133     3.40    4.45
  85952.422    88.236     5.75    5.61
  86317.883    90.320     5.70    5.37
  86683.252    92.299     5.42    4.64
  87048.528    93.307     2.76    3.84
  87413.713    93.409     0.28    3.35
  87778.806    93.599     0.52    3.50
  88143.806    94.261     1.81    4.05
  88508.715    95.352     2.99    4.52
  88873.533    95.553     0.55    5.10
  89238.258    94.309    -3.41    5.36
  89602.892    92.457    -5.08    4.85
  89967.434    91.720    -2.02    5.06
  90331.885    92.104     1.05    6.09
  90696.245    91.699    -1.11    6.61
  91060.513    89.358    -6.42    8.27
  91424.690    86.830    -6.94    9.69
  91788.776    84.800    -5.58    9.92
  92152.771    83.888    -2.51    9.93
  92516.675    82.495    -3.83    9.42
  92880.487    81.528    -2.66    9.78
  93244.209    82.678     3.16    9.71
  93607.840    82.946     0.74    9.40
  93971.380    83.774     2.28    8.39
  94334.830    83.540    -0.64    7.92
  94706.529    87.327    10.19    9.39
  95089.238    93.516    16.17    7.81
  95471.844    97.553    10.55    6.26
  95854.345    98.277     1.89    5.88
  96236.744    98.530     0.66    5.05
  96619.038    96.624    -4.99    6.42
  97001.230    94.538    -5.46    7.39
  97383.318    93.531    -2.64    7.11
  97765.302    90.765    -7.24    6.36
  98147.184    93.561     7.32    6.72
  98528.963    94.497     2.45    6.30
  98910.638    93.772    -1.90    7.47
  99292.211    94.946     3.08    7.46
  99673.681    96.225     3.35    7.32
 100055.048    98.141     5.02    7.08
 100436.312   100.514     6.22    7.21
 100817.474   101.116     1.58    8.07
 101198.534   101.609     1.29    8.87
 101579.491   101.580    -0.08    8.81
 101960.346   103.790     5.80    8.83
 102341.098   107.372     9.41   10.41
 102721.749   113.393    15.82   11.24
 103102.297   119.106    15.01    7.80
 103482.744   120.626     4.00    5.71
 103863.088   118.743    -4.95    6.65
 104243.331   115.881    -7.53    7.33
 104623.471   112.351    -9.29   10.23
 105003.511   107.739   -12.14   11.47
 105383.448   101.200   -17.21   11.08
 105763.284    93.695   -19.76   10.16
 106143.019    86.463   -19.05    9.71
 106522.653    80.193   -16.51    8.18
 106902.185    79.282    -2.40    7.28
 107281.616    79.765     1.27    7.28
 107660.945    79.771     0.02    7.82
 108040.174    77.484    -6.03   11.83
 108419.302    71.828   -14.92   16.00
 108798.329    65.815   -15.86   19.25
 109177.256    59.768   -15.96   22.08
 109556.081    55.626   -10.93   23.71
 109934.806    51.939    -9.74   23.45
 110313.430    51.314    -1.65   22.41
 110691.954    48.442    -7.59   20.70
 111070.378    45.195    -8.58   19.54
 111448.701    41.409   -10.01   16.83
 111826.924    40.388    -2.70   14.06
 112205.047    41.266     2.32   11.59
 112583.070    41.690     1.12   11.21
 112960.993    41.922     0.61   11.32
 113338.816    41.471    -1.20   11.02
 113716.539    40.914    -1.47    9.76
 114094.163    40.102    -2.15    9.27
 114471.686    38.338    -4.67    8.19
 114849.111    35.622    -7.19    6.29
 115226.435    33.781    -4.88    4.49
 115603.660    33.538    -0.64    4.43
 115980.786    33.632     0.25    4.31
 116357.813    33.092    -1.43    3.95
 116734.740    32.798    -0.78    3.63
 117111.569    33.222     1.13    4.26
 117488.298    33.705     1.28    3.96
 117864.928    34.972     3.36    3.63
 118241.460    35.619     1.72    4.27
 118617.892    36.732     2.96    5.07
 118994.226    38.430     4.51    6.04
 119370.461    40.205     4.72    5.07
 119746.598    41.065     2.29    2.99
 120122.636    42.590     4.05    4.09
 120498.576    46.055     9.22    7.79
 120874.417    51.140    13.53    8.38
 121250.160    57.847    17.85    8.44
 121625.805    63.939    16.22    9.14
 122001.352    66.729     7.43    8.38
 122376.801    69.955     8.59    6.98
 122752.151    70.453     1.33    6.64
 123127.404    61.542   -23.75   14.06
 123502.559    52.115   -25.12   17.77
 123877.617    39.678   -33.16   17.45
 124252.577    32.544   -19.02   13.64
 124627.439    33.011     1.24   13.33
 125002.203    38.758    15.33   14.96
 125376.871    45.803    18.80   13.50
 125751.440    51.931    16.36   10.93
 126125.913    54.244     6.18   10.88
 126500.288    55.714     3.93   10.69
 126874.567    58.331     6.99    9.91
 127248.748    59.422     2.92    9.83
 127622.832    62.297     7.68   10.52
 127996.819    65.410     8.32   10.38
 128370.710    68.871     9.26    9.38
 128744.504    72.509     9.73    8.50
 129118.201    74.337     4.89    6.09
 129491.801    76.964     7.03    4.97
 129865.305    76.930    -0.09    5.18
 130238.713    74.295    -7.06    5.35
 130612.024    71.922    -6.36    6.05
 130985.239    70.068    -4.97    5.92
 131358.357    69.062    -2.70    5.76
 131731.380    69.397     0.90    6.13
 132104.306    71.485     5.60    6.21
 132477.136    69.789    -4.55    6.19
 132849.871    67.265    -6.77    5.79
 133222.509    65.770    -4.01    4.90
 133595.052    65.555    -0.58    4.40
 133967.499    67.863     6.20    5.34
 134339.851    69.527     4.47    5.17
 134712.107    69.643     0.31    5.54
 135084.267    67.822    -4.89    6.00
 135456.332    63.770   -10.89    5.82
 135828.302    61.002    -7.44    4.43
 136200.176    59.368    -4.39    3.67
 136571.955    57.253    -5.69    2.68
 136943.639    56.107    -3.08    2.89
 137315.228    54.381    -4.65    2.80
 137686.722    53.984    -1.07    2.69
 138058.121    54.247     0.71    2.83
 138429.425    54.244    -0.01    2.68
 138800.635    53.662    -1.57    3.03
 139171.750    52.830    -2.24    2.96
 139542.770    52.388    -1.19    2.62
 139913.696    52.555     0.45    3.12
 140284.527    52.611     0.15    3.07
 140655.264    52.786     0.47    2.81
 141025.906    53.087     0.81    2.62
 141396.454    54.724     4.42    2.19
 141766.908    56.781     5.55    2.54
 142137.268    58.947     5.85    3.33
 142507.534    61.770     7.62    4.10
 142877.706    65.339     9.64    5.11
 143247.784    69.354    10.85    5.50
 143617.768    74.340    13.47    7.33
 143987.659    77.541     8.65    5.33
 144357.456    76.300    -3.35    7.02
 144727.159    73.930    -6.41    8.08
 145096.768    70.444    -9.43    6.79
 145466.284    67.594    -7.71    4.70
 145835.707    67.947     0.96    3.87
 146205.037    68.597     1.76    3.85
 146574.273    71.963     9.12    5.78
 146943.416    75.847    10.52    5.95
 147312.466    81.664    15.76    6.29
 147681.422    85.372    10.05    5.07
 148050.286    88.671     8.94    4.67
 148419.057    91.649     8.08    3.93
 148787.735    93.922     6.17    4.84
 149156.321    95.419     4.06    4.38
 149524.813    96.616     3.25    4.93
 149893.213    99.940     9.02    6.61
 150261.521   103.490     9.64    6.11
 150629.736   106.047     6.94    4.57
 150997.858   106.051     0.01    5.10
 151365.888   101.168   -13.27    9.07
 151733.826    97.712    -9.39   10.44
 152101.672    96.160    -4.22   10.86
 152469.426    98.410     6.12   10.35
 152837.087   101.589     8.65    7.06
 153204.657   102.115     1.43    5.21
 153572.134   100.597    -4.13    5.53
 153939.520    95.985   -12.55    6.98
 154306.814    89.368   -18.01    9.43
 154674.016    84.006   -14.60    8.84
 155041.127    78.844   -14.06    8.97
 155408.146    77.227    -4.40    9.12
 155775.073    78.765     4.19    9.94
 156141.909    79.641     2.39    8.89
 156508.654    81.164     4.15    7.86
 156875.307    80.524    -1.74    8.76
 157241.869    76.880    -9.94    8.71
 157608.340    74.694    -5.97    8.22
 157974.720    72.168    -6.89    7.79
 158341.008    66.805   -14.64    9.87
 158707.206    60.589   -16.97    9.85
 159073.313    56.778   -10.41    7.18
 159439.329    54.326    -6.70    6.26
 159805.254    53.176    -3.14    6.91
 160171.089    50.250    -8.00    8.34
 160536.833    45.418   -13.21    7.43
 160902.486    41.074   -11.88    5.68
 161268.049    39.368    -4.67    4.96
 161633.521    38.558    -2.22    4.45
 161998.904    38.575     0.05    3.99
 162364.195    39.564     2.71    2.27
 162729.397    39.549    -0.04    2.87
 163094.508    40.170     1.70    4.02
 163459.530    42.294     5.82    5.10
 163824.461    46.888    12.59    6.94
 164189.302    50.583    10.13    5.72
 164554.053    50.837     0.70    5.86
 164918.715    49.888    -2.60    5.70
 165283.287    48.670    -3.34    4.43
 165647.769    50.726     5.64    7.78
 166012.161    60.956    28.07   14.99
 166376.464    71.514    28.98   16.74
 166740.678    83.570    33.10   11.47
 167104.802    89.643    16.68    4.90
 167468.836    90.880     3.40    2.45
 167832.782    89.170    -4.70    4.24
 168196.638    86.351    -7.75    4.76
 168560.405    84.931    -3.90    3.86
 168924.083    84.914    -0.05    4.18
 169288.830    85.931     2.79    4.58
 169671.380    87.095     3.04    4.83
 170053.829    88.233     2.98    9.55
 170436.176    87.897    -0.88   12.06
 170818.423    85.768    -5.57   12.54
 171200.568    80.033   -15.01   13.44
 171582.612    73.109   -18.12   12.65
 171964.555    68.939   -10.92   11.74
 172346.397    67.745    -3.13   11.26
 172728.138    66.964    -2.05    9.89
 173109.779    64.851    -5.54    9.44
 173491.318    62.435    -6.33    8.19
 173872.757    61.242    -3.13    8.08
 174254.096    61.524     0.74    8.31
 174635.334    62.888     3.58    6.21
 175016.472    65.236     6.16    7.71
 175397.509    69.914    12.28   11.26
 175778.447    75.958    15.86   12.92
 176159.284    77.617     4.36   15.18
 176540.021    73.692   -10.31   18.49
 176920.658    66.544   -18.78   17.66
 177301.195    59.749   -17.85   12.59
 177681.632    56.049    -9.72    7.26
 178061.970    54.535    -3.98    3.90
 178442.208    53.598    -2.46    2.15
 178822.346    53.947     0.92    2.22
 179202.385    54.829     2.32    2.76
 179582.324    56.990     5.69    3.76
 179962.164    59.342     6.19    4.53
 180341.904    60.855     3.98    4.89
 180721.546    62.192     3.52    4.13
 181101.088    62.026    -0.44    4.18
 181480.531    61.119    -2.39    3.79
 181859.876    62.604     3.91    4.82
 182239.121    67.606    13.19    9.16
 182618.267    75.729    21.42   10.97
 182997.315    83.569    20.68   10.65
 183376.264    89.615    15.95    9.40
 183755.115    92.923     8.73   10.19
 184133.867    97.957    13.29   12.87
 184512.520   103.533    14.72   14.83
 184891.075   110.769    19.11   15.06
 185269.532   117.242    17.10   13.12
 185647.891   121.566    11.43   10.79
 186026.151   126.861    14.00   10.33
 186404.313   134.397    19.93   12.39
 186782.378   138.064     9.70   12.07
 187160.344   142.324    11.27   11.64
 187538.213   144.083     4.65   10.69
 187915.984   146.623     6.72    9.18
 188293.657   149.583     7.84    8.97
 188671.233   152.328     7.27    8.94
 189048.711   157.075    12.57   11.51
 189426.091   163.862    17.98   12.61
 189803.374   170.700    18.12   11.85
 190180.560   176.029    14.13    8.40
 190557.649   178.184     5.71    6.33
 190934.640   177.302    -2.34    4.95
 191311.535   176.580    -1.91    3.91
