# NaN NaN NaN ;Mean Elev.(m), Avg Gradient(m/km), RMS Gradient(m/km) - SRTM1     
#   -8.656  -8.735  28.096 ;Mean Elev.(m), Avg Gradient(m/km), RMS Gradient(m/km) - ASTER GDEM
#    5.952  -8.222  26.692 ;Mean Elev.(m), Avg Gradient(m/km), RMS Gradient(m/km) - GMTED2010 
 15    18.702 52726.15044542  5.49 123.495171  72.133565  5.678
 15    19.024 52726.15044606  5.50 123.489731  72.130665  5.678
 15    20.959 52726.15044671  5.60 123.484301  72.127765  5.678
 38   209.837 53531.15055992  1.28 123.491535  72.133662  2.554
 38   208.029 53531.15056056  0.23 123.486105  72.130762  2.554
 50   206.956 53951.15053443  1.97 123.478626  72.134205  2.205
 50   199.720 53951.15053508  1.17 123.473196  72.131305  2.205
 59   205.541 54266.15048548  1.66 123.494513  72.133742  2.093
 59   202.775 54266.15048613  0.87 123.489083  72.130842  2.093
 71    99.597 54686.15041969 11.92 123.483403  72.134700 10.817
 71    98.915 54686.15042033  6.30 123.477973  72.131800 10.817
 71    98.903 54686.15042098  2.33 123.472543  72.128900 10.817
 80   209.167 55001.15041255  1.27 123.489565  72.133882  2.484
 80   205.497 55001.15041319  0.27 123.484125  72.130982  2.484
 91    21.375 55386.15029182  8.42 123.499764  72.130080  9.896
 91    21.556 55386.15029246 11.09 123.494334  72.127180  9.896
