# NaN NaN NaN ;Mean Elev.(m), Avg Gradient(m/km), RMS Gradient(m/km) - SRTM1     
#   10.953  -5.765  11.135 ;Mean Elev.(m), Avg Gradient(m/km), RMS Gradient(m/km) - ASTER GDEM
#    1.249  -6.074  11.252 ;Mean Elev.(m), Avg Gradient(m/km), RMS Gradient(m/km) - GMTED2010 
 11 122.962240  72.288006    -0.066    -0.048  5 52589.49764111 24.896
 15 122.962885  72.287783     1.466     1.488  5 52729.49762323  7.722
 21 122.992429  72.284998    -0.046    -0.050  4 52939.49766858 22.103
 25 122.961027  72.287061     0.019     0.032  5 53079.49771095  7.975
 29 122.964187  72.287484    14.866    14.653  4 53219.49774641 14.479
 30 122.980797  72.284534     1.259     0.652  4 53254.49772261 25.640
 35 122.977876  72.286623    -0.334    -0.329  4 53429.49767726 10.283
 39 122.959095  72.287465    16.125    16.104  5 53569.49776656 13.594
 44 122.997418  72.285565    -0.221    -0.207  4 53744.49757118  8.499
 46 122.997236  72.284204     0.102     0.123  4 53814.49757279  6.439
 51 122.990092  72.286294    15.341    15.474  4 53989.49763630 10.815
 53 122.965645  72.287013     0.084     0.079  4 54059.49769104 21.560
 54 122.982187  72.285697     0.327     0.308  4 54094.49766761 15.412
 60 122.955195  72.289973    15.598    15.598  2 54304.49767691 22.194
 63 122.962508  72.287242    -0.040    -0.050  5 54409.49760601 17.038
 65 122.960345  72.288071     2.477     2.494  4 54479.49759653  5.957
 67 122.973116  72.285958    -0.328    -0.317  4 54549.49760926  5.708
 68 122.953536  72.289310     0.121     0.158  5 54584.49758345  4.808
 70 122.960348  72.287114    18.126    17.921  5 54654.49761368 17.951
 73 122.962287  72.287447     0.259     0.290  4 54759.49757713 31.714
 81 122.961776  72.287515    15.505    15.676  5 55039.49758443 12.361
 82 122.971544  72.286727     7.403     7.153  5 55074.49756767 25.628
 84 122.962816  72.287288    -0.026    -0.025  5 55144.49752027 20.785
 86 122.962047  72.287891     0.156     0.162  5 55214.49751501  9.024
 90 122.970034  72.284172   133.134   134.347  3 55354.49748128  5.842
 92 122.960993  72.287846    15.246    14.614  5 55424.49749943 16.815
 93 122.975888  72.286255    15.495    15.406  4 55459.49746875 13.740
