# NaN NaN NaN ;Mean Elev.(m), Avg Gradient(m/km), RMS Gradient(m/km) - SRTM1     
#    7.002  -7.696  27.089 ;Mean Elev.(m), Avg Gradient(m/km), RMS Gradient(m/km) - ASTER GDEM
#    1.103   0.908  26.381 ;Mean Elev.(m), Avg Gradient(m/km), RMS Gradient(m/km) - GMTED2010 
  9 121.738213  72.719665    61.224    77.534  4 52522.15827226  6.477
 11 121.743358  72.718272    -0.281    -0.205  5 52592.15831828 21.434
 12 121.768270  72.711018     0.076     0.098  4 52627.15823554 15.021
 13 121.744159  72.716258     0.087     0.095  5 52662.15828186 13.954
 14 121.763175  72.709713     1.617     1.736  4 52697.15825949 10.294
 15 121.746325  72.713786     7.912     8.461  5 52732.15828293  6.101
 16 121.730924  72.721938     4.816     6.018  5 52767.15829095  5.292
 18 121.754772  72.711128     5.292     5.296  4 52837.15836589 14.041
 21 121.766669  72.711175     0.463     0.506  4 52942.15832503 16.103
 23 121.742274  72.718622     0.031     0.077  5 53012.15837983  8.041
 24 121.754991  72.712354     2.922     1.680  4 53047.15834731  5.563
 26 121.752531  72.713248     1.996     1.976  5 53117.15835240  5.413
 27 121.744194  72.714987     0.777     0.633  5 53152.15840129 29.502
 29 121.740839  72.716064     3.731     4.532  5 53222.15841117 19.631
 30 121.731825  72.720287    -0.337    -0.408  5 53257.15838680 23.476
 31 121.751989  72.713328    -0.226    -0.292  5 53292.15840442 36.363
 32 121.746912  72.716376     0.173     0.176  5 53327.15837826 17.541
 33 121.741645  72.718460     0.640     0.670  5 53362.15833381 13.794
 35 121.737414  72.717308     0.173     0.141  5 53432.15834668  8.148
 36 121.757885  72.712263     1.116     1.029  4 53467.15838165  6.856
 37 121.743181  72.717379     2.154     2.245  5 53502.15843422  8.588
 38 121.742752  72.715954    52.436    51.590  5 53537.15842687  8.607
 39 121.740389  72.718351     0.216     0.181  6 53572.15843122 15.237
 41 121.756395  72.711896     4.672     4.646  4 53642.15838122 17.843
 42 121.741483  72.716264    -0.065    -0.092  5 53677.15839997 23.047
 43 121.737463  72.718645    -0.264    -0.253  5 53712.15832877 14.327
 44 121.766178  72.709907     0.276     0.269  4 53747.15824137  9.955
 45 121.746792  72.715195     0.150     0.108  5 53782.15827208  8.750
 46 121.734933  72.723127     1.512     1.472  5 53817.15823688  7.251
 47 121.752201  72.713156     1.336     1.322  4 53852.15831019  6.703
 49 121.741347  72.716552     0.284     0.321  5 53922.15838731 24.900
 50 121.738853  72.718997     0.111    -0.137  5 53957.15838202 38.743
 51 121.763065  72.706491     0.502     0.502  2 53992.15830645 29.031
 52 121.757908  72.711795     0.110     0.094  4 54027.15836938 32.047
 53 121.747983  72.715234     0.081     0.112  4 54062.15836274 17.670
 55 121.759355  72.711300     1.215     1.178  4 54132.15828498  9.440
 56 121.741150  72.719604     0.887     0.838  5 54167.15830614  7.671
 57 121.754198  72.711708     1.805     1.614  4 54202.15828855  6.518
 59 121.746656  72.716604     4.634     4.842  4 54272.15834312 17.636
 61 121.748789  72.723362   113.787   113.787  2 54342.15832445  1.727
 62 121.751064  72.713057     1.193     1.264  4 54377.15828095 16.498
 63 121.743445  72.716127    -0.132    -0.082  5 54412.15827300 18.574
 64 121.758634  72.712262     0.467     0.463  4 54447.15824601 11.718
 66 121.756678  72.711766     1.766     1.895  5 54517.15826016  6.327
 67 121.733945  72.716083     1.756     1.922  4 54552.15827826  5.754
 68 121.749775  72.714109     1.716     1.649  5 54587.15825552  5.381
 70 121.747110  72.717210     0.599     0.548  5 54657.15828322 21.368
 71 121.740065  72.716375     0.099     0.089  5 54692.15826685 36.458
 73 121.743833  72.715588     0.459     0.496  5 54762.15824421 29.108
 74 121.757683  72.711064     0.226     0.166  4 54797.15822969 15.363
 75 121.745436  72.716265     0.348     0.391  5 54832.15823345 14.073
 76 121.756402  72.711159     1.664     1.760  4 54867.15822531 11.951
 77 121.738472  72.718593     1.623     1.691  5 54902.15824355 11.467
 78 121.751194  72.712806     2.452     2.311  5 54937.15821503  6.963
 79 121.749237  72.714759     3.830     3.706  5 54972.15824761  4.065
 80 121.742228  72.716204     7.988     7.501  5 55007.15826523 40.605
 81 121.748242  72.716002     3.349     3.540  5 55042.15825371 15.182
 83 121.752917  72.713738    -0.024    -0.029  4 55112.15818655 44.748
 84 121.745569  72.717057     0.475     0.445  5 55147.15818779 17.298
 85 121.756928  72.710985     0.351     0.334  4 55182.15816646  9.007
 86 121.745041  72.718245     4.279     4.101  5 55217.15818320 17.286
 87 121.754723  72.711934     2.624     2.479  4 55252.15816286  7.646
 91 121.751467  72.713288     0.165     0.200  4 55392.15815309 20.579
