# NaN NaN NaN ;Mean Elev.(m), Avg Gradient(m/km), RMS Gradient(m/km) - SRTM1     
#    8.921     NaN     NaN ;Mean Elev.(m), Avg Gradient(m/km), RMS Gradient(m/km) - ASTER GDEM
#    5.681  -5.004  30.413 ;Mean Elev.(m), Avg Gradient(m/km), RMS Gradient(m/km) - GMTED2010 
  7     3.647 52468.15635298 15.17 122.127389  72.548751  8.404
  7     4.174 52468.15635362 18.01 122.121709  72.545871  8.404
  8     4.145 52503.15634230 16.01 122.121108  72.549049  9.351
  8     4.221 52503.15634295 17.94 122.115428  72.546169  9.351
 12     1.599 52643.15632103  8.91 122.139195  72.547007  5.548
 12     1.666 52643.15632167  8.72 122.133515  72.544127  5.548
 12     2.277 52643.15632232  8.37 122.127845  72.541247  5.548
 17     5.745 52818.15638580 21.71 122.143678  72.544815  9.050
 17     6.193 52818.15638644 23.20 122.137998  72.541935  9.050
 18     4.529 52853.15643532 16.69 122.140219  72.546805  7.477
 18     6.123 52853.15643597 19.30 122.134549  72.543925  7.477
 18     5.681 52853.15643661 30.30 122.128869  72.541035  7.477
 26     2.188 53133.15638680  5.60 122.139859  72.544478  5.126
 26     2.220 53133.15638745  4.84 122.134189  72.541598  5.126
 28     3.185 53203.15646157 14.32 122.130134  72.547697  9.468
 28     4.350 53203.15646221 14.99 122.124454  72.544807  9.468
 29     5.335 53238.15643044 10.75 122.123130  72.547978  5.482
 29     4.153 53238.15643109 13.26 122.117460  72.545098  5.482
 34     2.612 53413.15639197  5.77 122.133430  72.547593  4.606
 34     2.065 53413.15639262  5.52 122.127760  72.544713  4.606
 38     2.865 53553.15648635 43.14 122.123246  72.549194  6.388
 38     3.033 53553.15648699 43.80 122.117576  72.546314  6.388
 39     2.272 53588.15643684 42.92 122.122888  72.547795  9.547
 39     1.354 53588.15643748 43.03 122.117208  72.544915  9.547
 41    71.562 53658.15643498  6.31 122.139177  72.547270  5.259
 41    70.703 53658.15643562  4.46 122.133497  72.544390  5.259
 41    69.507 53658.15643626  2.94 122.127827  72.541510  5.259
 43     4.085 53728.15633997  5.85 122.113736  72.550618  3.406
 43     3.892 53728.15634062  5.81 122.108066  72.547738  3.406
 45     4.593 53798.15630754  3.76 122.123210  72.550797  3.991
 45     3.750 53798.15630818  4.24 122.117540  72.547917  3.991
 47     2.118 53868.15636773  5.29 122.133828  72.545687  4.093
 47     1.934 53868.15636837  5.49 122.128148  72.542807  4.093
 49     4.503 53938.15643521 15.58 122.124993  72.549498  7.403
 49     4.578 53938.15643585 16.60 122.119313  72.546618  7.403
 50    76.258 53973.15639804  0.97 122.116406  72.549764  5.653
 50    81.032 53973.15639869  0.97 122.110736  72.546884  5.653
 52     5.049 54043.15640959 16.69 122.142090  72.545849 13.435
 52     3.037 54043.15641024 17.36 122.136410  72.542969 13.435
 56     2.024 54183.15633010  7.17 122.116340  72.552803  4.383
 56     3.261 54183.15633074  7.02 122.110670  72.549913  4.383
 56     3.647 54183.15633139  6.64 122.104990  72.547033  4.383
 57     3.245 54218.15635653  4.08 122.136242  72.546087  5.009
 57     2.935 54218.15635717  4.34 122.130562  72.543197  5.009
 58     8.358 54253.15638128 25.51 122.133217  72.548776 11.513
 58     8.488 54253.15638193 26.16 122.127537  72.545896 11.513
 60     4.554 54323.15638330 16.31 122.128092  72.546925  8.820
 60     5.641 54323.15638394 14.12 122.122422  72.544045  8.820
 65     7.470 54498.15629988  3.79 122.122036  72.547713  3.700
 65     6.222 54498.15630052  3.88 122.116366  72.544833  3.700
 66     3.505 54533.15631578  3.59 122.132130  72.545895  4.262
 66     4.194 54533.15631643  3.56 122.126460  72.543015  4.262
 67     4.795 54568.15630343  4.24 122.119424  72.552579  2.207
 67     4.853 54568.15630408  3.89 122.113744  72.549699  2.207
 67     6.333 54568.15630472  3.51 122.108074  72.546819  2.207
 68    73.932 54603.15631041  1.02 122.132411  72.547117  2.257
 68    79.694 54603.15631105  0.43 122.126741  72.544237  2.257
 69     5.138 54638.15632134 21.66 122.127318  72.548620  9.404
 69     6.125 54638.15632199 24.00 122.121648  72.545740  9.404
 70     5.194 54673.15632461 17.02 122.124053  72.547427 10.740
 70     6.180 54673.15632525 17.54 122.118383  72.544547 10.740
 71     4.082 54708.15628284 20.70 122.122554  72.550493  9.978
 71     5.050 54708.15628348 21.16 122.116874  72.547613  9.978
 74     1.845 54813.15628388 12.08 122.136521  72.544494  5.451
 74     1.792 54813.15628453 13.26 122.130841  72.541614  5.451
 75     2.244 54848.15626501 11.06 122.122270  72.549445  4.996
 75     2.992 54848.15626565 11.07 122.116600  72.546565  4.996
 76     8.992 54883.15628709 10.11 122.132793  72.546543  4.566
 76     2.454 54883.15628773  9.97 122.127113  72.543663  4.566
 80     1.381 55023.15629724 37.85 122.128393  72.549463 10.597
 80     1.319 55023.15629788 44.90 122.122723  72.546583 10.597
 81     2.550 55058.15629269 14.75 122.128286  72.549112  8.527
 81     3.531 55058.15629334 15.18 122.122606  72.546222  8.527
 82     4.780 55093.15624778 12.60 122.115176  72.550831  6.253
 82     5.790 55093.15624842 14.16 122.109496  72.547951  6.253
 83     4.033 55128.15623371 15.63 122.130626  72.546701  6.278
 83     3.203 55128.15623436 17.00 122.124956  72.543821  6.278
 84     3.675 55163.15620958  6.14 122.122911  72.548304  5.300
 84     3.823 55163.15621023  5.87 122.117241  72.545414  5.300
 85     1.777 55198.15622455  5.47 122.138015  72.547328  5.639
 85     0.561 55198.15622519  6.85 122.132335  72.544448  5.639
 86     2.165 55233.15621352  7.21 122.120239  72.551393  4.667
 86     2.187 55233.15621416  7.09 122.114569  72.548513  4.667
 89     3.050 55338.15619287 28.80 122.128127  72.548023 10.188
 89     4.812 55338.15619351 26.09 122.122447  72.545133 10.188
 90     3.994 55373.15618330 23.15 122.129605  72.549695 13.039
 90     4.920 55373.15618395 25.29 122.123935  72.546815 13.039
