-119635.924    -1.000     0.00    0.00
-119268.927    -1.000     0.00    0.00
-118902.029    -1.000     0.00    0.00
-118535.229    -1.000     0.00    0.00
-118168.527    -1.000     0.00    0.00
-117801.923    -1.000     0.00    0.00
-117435.417    -1.000     0.00    0.00
-117069.008    -1.000     0.00    0.00
-116702.697    -1.000     0.00    0.00
-116336.484    -1.000     0.00    0.00
-115970.368    -1.000     0.00    0.00
-115604.350    -1.000     0.00    0.00
-115238.429    -1.000     0.00    0.00
-114872.605    -1.000     0.00    0.00
-114506.878    -1.000     0.00    0.00
-114141.248    -1.000     0.00    0.00
-113775.716    -1.000     0.00    0.00
-113410.280    -1.000     0.00    0.00
-113044.942    -1.000     0.00    0.00
-112679.700    -1.000     0.00    0.00
-112314.554    -1.000     0.00    0.00
-111949.506    -1.000     0.00    0.00
-111584.554    -1.000     0.00    0.00
-111219.698    -1.000     0.00    0.00
-110854.939    -1.000     0.00    0.00
-110490.276    -1.000     0.00    0.00
-110125.709    -1.000     0.00    0.00
-109761.239    -1.000     0.00    0.00
-109396.864    -1.000     0.00    0.00
-109032.586    -1.000     0.00    0.00
-108668.403    -1.000     0.00    0.00
-108304.317    -1.000     0.00    0.00
-107940.326    -1.000     0.00    0.00
-107576.431    -1.000     0.00    0.00
-107212.631    -1.000     0.00    0.00
-106848.927    -1.000     0.00    0.00
-106485.318    -1.000     0.00    0.00
-106121.805    -1.000     0.00    0.00
-105758.387    -1.000     0.00    0.00
-105395.065    -1.000     0.00    0.00
-105031.837    -1.000     0.00    0.00
-104668.705    -1.000     0.00    0.00
-104305.667    -1.000     0.00    0.00
-103942.725    -1.000     0.00    0.00
-103575.266    -1.000     0.00    0.00
-103192.007    -1.000     0.00    0.00
-102808.859    -1.000     0.00    0.00
-102425.820    -1.000     0.00    0.00
-102042.892    -1.000     0.00    0.00
-101660.073    -1.000     0.00    0.00
-101277.365    -1.000     0.00    0.00
-100894.766    -1.000     0.00    0.00
-100512.277    -1.000     0.00    0.00
-100129.898    -1.000     0.00    0.00
 -99747.628    -1.000     0.00    0.00
 -99365.467    -1.000     0.00    0.00
 -98983.416    -1.000     0.00    0.00
 -98601.474    -1.000     0.00    0.00
 -98219.642    -1.000     0.00    0.00
 -97837.918    -1.000     0.00    0.00
 -97456.303    -1.000     0.00    0.00
 -97074.797    -1.000     0.00    0.00
 -96693.400    -1.000     0.00    0.00
 -96312.112    -1.000     0.00    0.00
 -95930.932    -1.000     0.00    0.00
 -95549.861    -1.000     0.00    0.00
 -95168.898    -1.000     0.00    0.00
 -94788.043    -1.000     0.00    0.00
 -94407.297    -1.000     0.00    0.00
 -94026.658    -1.000     0.00    0.00
 -93646.128    -1.000     0.00    0.00
 -93265.705    -1.000     0.00    0.00
 -92885.391    -1.000     0.00    0.00
 -92505.184    -1.000     0.00    0.00
 -92125.085    -1.000     0.00    0.00
 -91745.093    -1.000     0.00    0.00
 -91365.209    -1.000     0.00    0.00
 -90985.432    -1.000     0.00    0.00
 -90605.763    -1.000     0.00    0.00
 -90226.201    -1.000     0.00    0.00
 -89846.746    -1.000     0.00    0.00
 -89467.397    -1.000     0.00    0.00
 -89088.156    -1.000     0.00    0.00
 -88709.022    -1.000     0.00    0.00
 -88329.994    -1.000     0.00    0.00
 -87951.073    -1.000     0.00    0.00
 -87572.258    -1.000     0.00    0.00
 -87193.550    -1.000     0.00    0.00
 -86814.949    -1.000     0.00    0.00
 -86436.453    -1.000     0.00    0.00
 -86058.064    -1.000     0.00    0.00
 -85679.781    -1.000     0.00    0.00
 -85301.604    -1.000     0.00    0.00
 -84923.533    -1.000     0.00    0.00
 -84545.567    -1.000     0.00    0.00
 -84167.708    -1.000     0.00    0.00
 -83789.954    -1.000     0.00    0.00
 -83412.306    -1.000     0.00    0.00
 -83034.763    -1.000     0.00    0.00
 -82657.325    -1.000     0.00    0.00
 -82279.993    -1.000     0.00    0.00
 -81902.766    -1.000     0.00    0.00
 -81525.644    -1.000     0.00    0.00
 -81148.627    -1.000     0.00    0.00
 -80771.715    -1.000     0.00    0.00
 -80394.908    -1.000     0.00    0.00
 -80018.206    -1.000     0.00    0.00
 -79641.608    -1.000     0.00    0.00
 -79265.115    -1.000     0.00    0.00
 -78888.726    -1.000     0.00    0.00
 -78512.442    -1.000     0.00    0.00
 -78136.262    -1.000     0.00    0.00
 -77760.187    -1.000     0.00    0.00
 -77384.215    -1.000     0.00    0.00
 -77008.348    -1.000     0.00    0.00
 -76632.585    -1.000     0.00    0.00
 -76256.925    -1.000     0.00    0.00
 -75881.369    -1.000     0.00    0.00
 -75505.917    -1.000     0.00    0.00
 -75130.569    -1.000     0.00    0.00
 -74755.324    -1.000     0.00    0.00
 -74380.183    -1.000     0.00    0.00
 -74005.145    -1.000     0.00    0.00
 -73630.210    -1.000     0.00    0.00
 -73255.378    -1.000     0.00    0.00
 -72880.650    -1.000     0.00    0.00
 -72506.024    -1.000     0.00    0.00
 -72131.502    -1.000     0.00    0.00
 -71757.082    -1.000     0.00    0.00
 -71382.765    -1.000     0.00    0.00
 -71008.551    -1.000     0.00    0.00
 -70634.439    -1.000     0.00    0.00
 -70260.430    -1.000     0.00    0.00
 -69886.523    -1.000     0.00    0.00
 -69512.719    -1.000     0.00    0.00
 -69139.017    -1.000     0.00    0.00
 -68765.417    -1.000     0.00    0.00
 -68391.919    -1.000     0.00    0.00
 -68018.523    -1.000     0.00    0.00
 -67645.229    -1.000     0.00    0.00
 -67272.037    -1.000     0.00    0.00
 -66898.947    -1.000     0.00    0.00
 -66525.958    -1.000     0.00    0.00
 -66153.071    -1.000     0.00    0.00
 -65780.285    -1.000     0.00    0.00
 -65407.601    -1.000     0.00    0.00
 -65035.018    -1.000     0.00    0.00
 -64662.536    -1.000     0.00    0.00
 -64290.155    -1.000     0.00    0.00
 -63917.876    -1.000     0.00    0.00
 -63545.697    -1.000     0.00    0.00
 -63173.620    -1.000     0.00    0.00
 -62801.643    -1.000     0.00    0.00
 -62429.767    -1.000     0.00    0.00
 -62057.992    -1.000     0.00    0.00
 -61686.317    -1.000     0.00    0.00
 -61314.742    -1.000     0.00    0.00
 -60943.269    -1.000     0.00    0.00
 -60571.895    -1.000     0.00    0.00
 -60200.622    -1.000     0.00    0.00
 -59829.448    -1.000     0.00    0.00
 -59458.375    -1.000     0.00    0.00
 -59087.402    -1.000     0.00    0.00
 -58716.529    -1.000     0.00    0.00
 -58345.756    -1.000     0.00    0.00
 -57975.082    -1.000     0.00    0.00
 -57604.508    -1.000     0.00    0.00
 -57234.034    -1.000     0.00    0.00
 -56863.659    -1.000     0.00    0.00
 -56493.383    -1.000     0.00    0.00
 -56123.207    -1.000     0.00    0.00
 -55753.131    -1.000     0.00    0.00
 -55383.153    -1.000     0.00    0.00
 -55013.274    -1.000     0.00    0.00
 -54643.495    -1.000     0.00    0.00
 -54273.814    -1.000     0.00    0.00
 -53904.233    -1.000     0.00    0.00
 -53534.750    -1.000     0.00    0.00
 -53165.365    -1.000     0.00    0.00
 -52796.080    -1.000     0.00    0.00
 -52426.893    -1.000     0.00    0.00
 -52057.804    -1.000     0.00    0.00
 -51688.814    -1.000     0.00    0.00
 -51319.922    -1.000     0.00    0.00
 -50951.128    -1.000     0.00    0.00
 -50582.433    -1.000     0.00    0.00
 -50213.835    -1.000     0.00    0.00
 -49845.336    -1.000     0.00    0.00
 -49476.934    -1.000     0.00    0.00
 -49108.630    -1.000     0.00    0.00
 -48740.424    -1.000     0.00    0.00
 -48372.316    -1.000     0.00    0.00
 -48004.305    -1.000     0.00    0.00
 -47636.392    -1.000     0.00    0.00
 -47268.576    -1.000     0.00    0.00
 -46900.857    -1.000     0.00    0.00
 -46533.236    -1.000     0.00    0.00
 -46165.712    -1.000     0.00    0.00
 -45798.285    -1.000     0.00    0.00
 -45430.955    -1.000     0.00    0.00
 -45063.722    -1.000     0.00    0.00
 -44696.586    -1.000     0.00    0.00
 -44329.547    -1.000     0.00    0.00
 -43962.604    -1.000     0.00    0.00
 -43595.758    -1.000     0.00    0.00
 -43229.009    -1.000     0.00    0.00
 -42862.356    -1.000     0.00    0.00
 -42495.800    -1.000     0.00    0.00
 -42129.340    -1.000     0.00    0.00
 -41762.976    -1.000     0.00    0.00
 -41396.708    -1.000     0.00    0.00
 -41030.537    -1.000     0.00    0.00
 -40664.461    -1.000     0.00    0.00
 -40298.481    -1.000     0.00    0.00
 -39932.598    -1.000     0.00    0.00
 -39566.810    -1.000     0.00    0.00
 -39201.118    -1.000     0.00    0.00
 -38835.521    -1.000     0.00    0.00
 -38470.020    -1.000     0.00    0.00
 -38104.615    -1.000     0.00    0.00
 -37739.305    -1.000     0.00    0.00
 -37374.090    -1.000     0.00    0.00
 -37008.971    -1.000     0.00    0.00
 -36643.946    -1.000     0.00    0.00
 -36279.017    -1.000     0.00    0.00
 -35914.183    -1.000     0.00    0.00
 -35549.444    -1.000     0.00    0.00
 -35184.800    -1.000     0.00    0.00
 -34820.250    -1.000     0.00    0.00
 -34455.796    -1.000     0.00    0.00
 -34091.436    -1.000     0.00    0.00
 -33727.170    -1.000     0.00    0.00
 -33362.999    -1.000     0.00    0.00
 -32998.923    -1.000     0.00    0.00
 -32634.941    -1.000     0.00    0.00
 -32271.053    -1.000     0.00    0.00
 -31907.259    -1.000     0.00    0.00
 -31543.560    -1.000     0.00    0.00
 -31179.954    -1.000     0.00    0.00
 -30816.443    -1.000     0.00    0.00
 -30453.026    -1.000     0.00    0.00
 -30089.702    -1.000     0.00    0.00
 -29726.472    -1.000     0.00    0.00
 -29363.336    -1.000     0.00    0.00
 -29000.293    -1.000     0.00    0.00
 -28620.129    -1.000     0.00    0.00
 -28237.105    -1.000     0.00    0.00
 -27854.189    -1.000     0.00    0.00
 -27471.380    -1.000     0.00    0.00
 -27088.680    -1.000     0.00    0.00
 -26706.088    -1.000     0.00    0.00
 -26323.604    -1.000     0.00    0.00
 -25941.227    -1.000     0.00    0.00
 -25558.958    -1.000     0.00    0.00
 -25176.796    -1.000     0.00    0.00
 -24794.742    -1.000     0.00    0.00
 -24412.795    -1.000     0.00    0.00
 -24030.956    -1.000     0.00    0.00
 -23649.223    -1.000     0.00    0.00
 -23267.598    -1.000     0.00    0.00
 -22886.080    -1.000     0.00    0.00
 -22504.668    -0.566     1.14    2.20
 -22123.364     1.429     5.23    5.60
 -21742.166     3.732     6.04    7.25
 -21361.075     5.875     5.62    7.75
 -20980.090     7.862     5.21    7.62
 -20599.211     9.074     3.18    7.14
 -20218.440    10.062     2.59    6.07
 -19837.774     9.585    -1.25    6.10
 -19457.214    10.899     3.45    8.65
 -19076.761    16.388    14.43   14.58
 -18696.414    22.636    16.43   18.03
 -18316.172    29.248    17.39   20.01
 -17936.036    34.296    13.28   18.72
 -17556.007    29.636   -12.26   18.83
 -17176.082    19.138   -27.63   19.64
 -16796.264     6.824   -32.42   12.48
 -16416.550    -0.015   -18.01    4.25
 -16036.942    -0.952    -2.47    0.54
 -15657.440    -0.727     0.59    1.88
 -15278.043    -1.000    -0.72    0.00
 -14898.750    -0.992     0.02    0.09
 -14519.563     0.369     3.59    4.60
 -14140.481     2.016     4.34    7.04
 -13761.503     3.907     4.99    8.20
 -13382.631     6.962     8.06    9.14
 -13003.863     8.285     3.49    9.20
 -12625.199     7.729    -1.47    9.20
 -12246.640     5.064    -7.04    8.73
 -11868.186     3.783    -3.38    8.16
 -11489.836     5.669     4.99    9.32
 -11111.590     8.104     6.44    9.40
 -10733.448     6.562    -4.08    8.90
 -10355.411     5.800    -2.01    7.92
  -9977.477     3.567    -5.91    5.64
  -9599.647     2.140    -3.78    2.62
  -9221.921     3.217     2.85    2.92
  -8844.299    10.070    18.15   11.04
  -8466.781    16.339    16.60   13.40
  -8089.366    22.646    16.71   11.19
  -7712.054    26.054     9.03    7.88
  -7334.846    27.016     2.55    7.02
  -6957.741    29.938     7.75    8.27
  -6580.739    36.562    17.57   10.59
  -6203.841    48.656    32.09   18.32
  -5827.046    60.992    32.74   23.08
  -5450.353    78.231    45.76   28.42
  -5073.763    98.147    52.88   32.70
  -4697.277   109.680    30.63   27.71
  -4320.893   109.680     0.00   26.99
  -3944.611    90.562   -50.81   32.79
  -3568.432    66.786   -63.20   28.85
  -3192.356    44.297   -59.80   17.87
  -2816.382    31.055   -35.22   13.99
  -2440.510    20.150   -29.01   10.78
  -2064.740    11.457   -23.13    9.06
  -1689.073     5.858   -14.90    6.81
  -1313.507     1.583   -11.38    2.95
   -938.044     0.242    -3.57    1.12
   -562.682     0.000    -0.65    0.00
   -187.422     0.000     0.00    0.00
    187.736     0.000     0.00    0.00
    562.793     0.000     0.00    0.00
    937.748     0.046     0.12    0.37
   1312.601     0.600     1.48    1.57
   1687.353     3.416     7.51   10.16
   2062.004    12.031    23.00   20.07
   2436.554    22.150    27.02   23.91
   2811.003    34.211    32.21   24.31
   3185.350    44.945    28.67   20.66
   3559.597    53.008    21.54   22.24
   3933.743    65.829    34.27   29.50
   4307.787    81.268    41.28   27.30
   4681.732    89.248    21.34   20.53
   5055.575    86.354    -7.74   19.84
   5429.318    75.658   -28.62   21.52
   5802.961    53.054   -60.50   27.85
   6176.503    35.016   -48.29   28.73
   6549.945    19.770   -40.83   22.99
   6923.286    10.597   -24.57   16.68
   7296.528     4.870   -15.34   10.54
   7669.669     1.688    -8.53    4.69
   8042.711     1.126    -1.51    2.04
   8415.652     2.175     2.81    3.20
   8788.494     3.211     2.78    3.88
   9161.236     3.669     1.23    4.55
   9533.879     4.694     2.75    4.84
   9906.421     7.256     6.88    5.86
  10278.865    11.097    10.31    7.96
  10651.209    16.633    14.87   10.02
  11023.453    22.180    14.90   11.57
  11395.598    29.175    18.80   12.92
  11767.645    35.758    17.69   10.84
  12139.592    38.746     8.03    7.80
  12511.440    34.366   -11.78   10.19
  12883.189    28.900   -14.70   10.75
  13254.839    26.888    -5.41    9.88
  13626.390    29.142     6.07   10.30
  13997.843    32.638     9.41    8.07
  14369.197    33.400     2.05    6.98
  14740.453    27.109   -16.94   12.00
  15111.610    17.891   -24.84   13.11
  15482.669     9.783   -21.85   10.13
  15853.629     5.938   -10.37    5.63
  16224.491     4.575    -3.68    4.14
  16595.255     6.846     6.12    5.00
  16965.921    10.984    11.17    7.82
  17336.489    19.032    21.72   13.94
  17706.960    33.048    37.83   22.18
  18077.332    49.664    44.86   25.90
  18447.606    69.706    54.13   23.59
  18817.783    87.391    47.77   19.36
  19187.862    97.651    27.72   17.17
  19557.844   103.492    15.79   15.26
  19927.729   102.938    -1.50   16.84
  20297.515    97.422   -14.92   20.90
  20667.205    91.645   -15.63   20.45
  21036.798    83.891   -20.98   19.50
  21406.293    82.248    -4.45   19.48
  21775.691    92.294    27.19   21.28
  22144.992   101.023    23.64   20.60
  22514.197   103.447     6.56   19.32
  22883.304   100.740    -7.33   20.77
  23252.315   102.430     4.58   21.19
  23621.229   110.717    22.46   22.14
  23990.047   117.362    18.02   20.21
  24358.768   119.299     5.25   19.92
  24727.392   112.017   -19.76   24.98
  25095.921    99.648   -33.56   26.95
  25464.353    87.531   -32.89   26.85
  25832.688    73.724   -37.49   27.79
  26200.928    60.695   -35.38   26.99
  26569.071    54.095   -17.93   24.81
  26937.119    52.589    -4.09   28.12
  27305.071    59.403    18.52   32.43
  27672.926    69.347    27.03   31.92
  28040.686    78.232    24.16   28.58
  28408.351    83.683    14.82   22.68
  28775.919    79.569   -11.19   21.73
  29143.393    69.312   -27.91   22.29
  29510.770    62.381   -18.87   19.53
  29878.053    58.647   -10.17   17.29
  30245.240    56.266    -6.49   18.98
  30612.332    48.635   -20.79   27.74
  30979.329    35.267   -36.43   29.52
  31346.230    23.141   -33.05   20.35
  31713.037    21.141    -5.45   17.27
  32079.748    33.250    33.02   15.92
  32446.365    43.559    28.12   13.51
  32812.887    49.234    15.48   11.28
  33179.315    50.240     2.74   11.95
  33545.647    46.775    -9.46   14.50
  33911.885    43.127    -9.96   13.96
  34278.029    40.902    -6.08   11.74
  34644.078    39.859    -2.85    9.92
  35010.033    38.630    -3.36    8.68
  35375.894    39.016     1.06    6.65
  35741.660    38.953    -0.17    6.10
  36107.333    38.419    -1.46    5.11
  36472.911    38.608     0.52    4.86
  36838.395    39.551     2.58    4.79
  37203.786    42.254     7.40    3.70
  37569.082    44.008     4.80    2.90
  37934.285    43.828    -0.49    4.40
  38299.394    43.613    -0.59    5.84
  38664.410    43.920     0.84    6.19
  39029.332    44.500     1.59    5.88
  39394.160    46.136     4.48    5.75
  39758.895    47.144     2.76    5.94
  40123.537    48.175     2.83    5.86
  40488.086    48.589     1.14    5.86
  40852.541    48.416    -0.47    5.43
  41216.904    48.762     0.95    5.94
  41581.173    49.182     1.15    5.60
  41945.349    49.816     1.74    6.20
  42309.433    50.773     2.63    6.21
  42673.424    51.900     3.09    5.87
  43037.321    51.677    -0.61    5.06
  43401.127    46.628   -13.88    9.65
  43764.839    39.595   -19.34   12.71
  44128.459    33.190   -17.61   10.87
  44491.987    30.048    -8.65    7.66
  44855.422    30.407     0.99    7.37
  45218.765    33.056     7.29    7.68
  45582.016    37.413    11.99    7.47
  45954.869    40.697     8.81    7.30
  46337.754    42.310     4.21    7.13
  46720.534    42.718     1.07    6.52
  47103.207    43.581     2.25    5.50
  47485.775    44.064     1.26    4.47
  47868.237    45.314     3.27    4.22
  48250.593    46.016     1.84    4.00
  48632.844    46.882     2.27    3.78
  49014.989    46.424    -1.20    3.49
  49397.029    45.984    -1.15    3.08
  49778.963    45.839    -0.38    2.51
  50160.793    45.198    -1.68    2.92
  50542.517    43.608    -4.17    3.55
  50924.136    43.103    -1.32    3.29
  51305.650    43.167     0.17    3.22
  51687.059    43.548     1.00    2.60
  52068.363    43.968     1.10    2.47
  52449.563    44.285     0.83    2.43
  52830.658    44.571     0.75    2.66
  53211.649    43.689    -2.32    3.25
  53592.535    44.218     1.39    3.28
  53973.316    44.366     0.39    3.29
  54353.994    42.888    -3.88    3.74
  54734.567    43.110     0.58    3.50
  55115.036    42.577    -1.40    3.21
  55495.401    41.929    -1.70    3.44
  55875.662    41.613    -0.83    3.17
  56255.820    42.103     1.29    2.94
  56635.873    42.336     0.61    3.37
  57015.823    42.048    -0.76    3.31
  57395.669    41.762    -0.75    2.72
  57775.412    40.966    -2.09    2.88
  58155.051    40.213    -1.99    2.87
  58534.587    39.125    -2.87    3.71
  58914.020    36.667    -6.48    4.50
  59293.349    36.992     0.86    4.47
  59672.576    37.886     2.36    4.85
  60051.699    39.063     3.11    4.70
  60430.720    41.496     6.42    3.55
  60809.637    42.661     3.08    3.42
  61188.452    44.057     3.68    2.90
  61567.164    46.544     6.57    3.83
  61945.774    49.648     8.20    4.84
  62324.281    52.595     7.79    4.37
  62702.686    56.222     9.59    4.14
  63080.988    58.371     5.68    3.91
  63459.188    60.341     5.21    3.85
  63837.286    60.968     1.66    5.16
  64215.282    58.813    -5.70    8.36
  64593.175    54.857   -10.47   11.28
  64970.967    49.292   -14.73   10.81
  65348.657    44.432   -12.87    6.96
  65726.245    42.240    -5.81    3.62
  66103.732    42.383     0.38    1.90
  66481.117    42.448     0.17    2.01
  66858.400    42.555     0.28    1.82
  67235.582    41.754    -2.12    2.36
  67612.663    40.549    -3.19    2.70
  67989.642    38.992    -4.13    3.76
  68366.520    36.879    -5.61    5.01
  68743.297    35.840    -2.76    5.24
  69119.973    36.320     1.27    4.92
  69496.548    37.071     2.00    4.12
  69873.022    39.323     5.98    2.30
  70249.396    40.373     2.79    1.97
  70625.668    41.078     1.87    1.51
  71001.840    42.544     3.90    2.89
  71377.912    43.984     3.83    3.32
  71753.883    46.592     6.94    4.06
  72129.754    48.792     5.85    4.51
  72505.524    49.754     2.56    5.40
  72881.194    51.619     4.96    5.99
  73256.764    53.366     4.65    5.69
  73632.234    54.976     4.29    5.14
  74007.604    56.806     4.88    4.93
  74382.874    59.407     6.93    5.08
  74758.044    62.784     9.00    5.54
  75133.115    66.476     9.84    4.86
  75508.085    68.911     6.49    4.83
  75882.957    67.460    -3.87    8.18
  76257.728    65.136    -6.20   10.32
  76632.401    62.234    -7.74    9.93
  77006.974    60.276    -5.23    8.55
  77381.447    60.669     1.05    7.12
  77755.822    62.592     5.14    7.75
  78130.097    65.067     6.61    6.65
  78504.273    65.849     2.09    4.88
  78878.351    65.048    -2.14    3.15
  79252.329    64.585    -1.24    3.72
  79626.209    63.863    -1.93    4.56
  79999.990    62.691    -3.13    4.91
  80373.673    62.540    -0.40    5.42
  80747.256    63.602     2.84    5.56
  81120.742    65.339     4.65    5.72
  81494.129    67.637     6.15    4.52
  81867.417    68.276     1.71    4.04
  82240.608    68.650     1.00    3.76
  82613.700    67.952    -1.87    4.12
  82986.694    68.026     0.20    4.01
  83359.590    68.072     0.12    4.85
  83732.388    68.040    -0.09    5.45
  84105.088    69.244     3.23    4.85
  84477.691    70.452     3.24    3.63
  84850.196    69.294    -3.11    3.66
  85222.603    67.621    -4.49    3.83
  85594.912    65.976    -4.42    4.51
  85967.125    63.243    -7.34    4.99
  86339.239    60.448    -7.51    6.12
  86711.257    58.868    -4.25    5.45
  87083.177    57.048    -4.89    4.90
  87455.000    55.952    -2.95    5.12
  87826.726    53.017    -7.89    4.93
  88198.355    49.621    -9.14    5.11
  88569.887    46.528    -8.32    4.28
  88941.322    44.653    -5.05    3.09
  89312.660    43.840    -2.19    2.23
  89683.902    42.847    -2.67    2.81
  90055.047    42.846    -0.01    3.18
  90426.095    42.171    -1.82    3.05
  90797.047    42.181     0.03    3.15
  91167.902    41.816    -0.98    3.33
  91538.661    40.512    -3.52    2.57
  91909.324    39.773    -1.99    2.56
  92279.891    37.896    -5.07    4.22
  92650.362    36.254    -4.43    4.32
  93020.736    35.811    -1.20    3.80
  93391.015    35.732    -0.22    3.22
  93761.198    37.138     3.80    2.54
  94131.284    37.968     2.24    2.24
  94501.276    38.582     1.66    2.20
  94871.171    40.133     4.19    1.86
  95240.971    41.304     3.17    2.16
  95610.675    43.303     5.41    2.87
  95980.284    45.254     5.28    2.88
  96349.798    46.944     4.57    2.97
  96719.216    48.931     5.38    2.77
  97088.539    49.705     2.10    2.50
  97457.767    50.549     2.29    2.30
  97826.900    51.110     1.52    1.91
  98195.938    51.312     0.55    1.73
  98564.881    52.203     2.42    1.82
  98933.729    53.418     3.29    2.62
  99302.483    54.301     2.39    2.71
  99671.141    55.810     4.09    2.40
 100039.705    56.528     1.95    2.05
 100408.175    56.411    -0.32    1.43
 100776.550    56.580     0.46    1.34
 101144.830    55.661    -2.49    2.26
 101513.017    54.742    -2.50    2.36
 101881.109    53.691    -2.85    2.35
 102249.106    54.331     1.74    3.64
 102617.010    56.205     5.09    4.06
 102984.820    57.593     3.77    3.50
 103352.535    58.951     3.69    2.19
 103720.157    59.288     0.92    2.51
 104087.685    60.371     2.95    3.01
 104455.119    61.455     2.95    3.04
 104822.460    61.975     1.42    3.11
 105189.707    62.169     0.53    3.15
 105556.860    61.852    -0.86    3.42
 105923.920    62.633     2.13    4.56
 106290.886    64.049     3.86    5.55
 106657.760    65.521     4.01    6.02
 107024.540    65.618     0.26    5.85
 107391.226    64.659    -2.62    5.49
 107757.820    64.052    -1.66    5.10
 108124.320    64.545     1.35    5.74
 108490.728    65.910     3.73    6.59
 108857.043    67.556     4.49    6.99
 109223.265    67.569     0.04    6.90
 109589.394    67.733     0.45    7.22
 109955.430    68.108     1.02    8.09
 110321.374    69.123     2.77    8.69
 110687.225    70.627     4.11    9.32
 111052.984    71.025     1.09    9.97
 111418.651    71.153     0.35   10.19
 111784.225    71.991     2.29   10.78
 112149.707    74.262     6.21   10.69
 112515.096    75.463     3.29   10.38
 112880.394    76.254     2.17    9.99
 113245.599    77.366     3.04    9.53
 113610.713    77.582     0.59    9.35
 113975.734    79.289     4.68    9.36
 114340.664    79.935     1.77    9.44
 114705.502    79.566    -1.01    9.55
 115070.248    79.771     0.56    9.37
 115434.903    79.846     0.20    9.50
 115799.466    79.867     0.06    9.55
 116163.938    78.967    -2.47    9.05
 116528.318    78.056    -2.50    8.44
 116892.607    76.867    -3.27    8.00
 117256.804    74.615    -6.18    8.60
 117620.911    71.252    -9.23    9.89
 117984.926    65.958   -14.54   11.40
 118348.850    60.402   -15.27   11.64
 118712.683    55.301   -14.02   11.40
 119076.425    49.835   -15.03   11.49
 119440.076    43.869   -16.40   10.79
 119803.637    39.740   -11.36    9.42
 120167.106    36.219    -9.69    6.64
 120533.137    36.455     0.64    5.77
 120915.869    40.025     9.33    6.92
 121298.498    45.074    13.20    6.75
 121681.023    48.421     8.75    5.42
 122063.444    51.317     7.57    3.43
 122445.762    52.967     4.32    3.72
 122827.976    53.947     2.56    3.19
 123210.087    55.669     4.51    5.67
 123592.095    57.076     3.68    6.75
 123973.999    60.569     9.15    7.59
 124355.801    63.808     8.48    5.48
 124737.499    64.248     1.15    4.53
 125119.095    64.549     0.79    7.00
 125500.588    65.051     1.32    8.46
 125881.978    67.820     7.26    9.71
 126263.265    72.730    12.88    6.60
 126644.449    71.818    -2.39    5.55
 127025.532    68.383    -9.01    7.95
 127406.511    62.842   -14.54    8.85
 127787.389    58.563   -11.23    6.79
 128168.164    58.926     0.95    7.07
 128548.837    58.407    -1.36    8.32
 128929.407    57.061    -3.53    9.88
 129309.876    54.667    -6.29    8.82
 129690.243    49.949   -12.40    6.61
 130070.508    46.656    -8.66    7.14
 130450.671    47.254     1.57    7.67
 130830.732    46.672    -1.53    7.04
 131210.692    48.740     5.44    5.48
 131590.550    50.202     3.85    3.41
 131970.307    49.444    -2.00    4.11
 132349.962    47.479    -5.17    5.35
 132729.517    46.521    -2.52    5.36
 133108.970    46.633     0.30    5.68
 133488.321    48.117     3.91    5.67
 133867.572    49.721     4.23    4.30
 134246.722    51.456     4.58    3.61
 134625.771    51.612     0.41    4.33
 135004.719    53.661     5.41    6.40
 135383.566    57.582    10.35    7.34
 135762.312    59.421     4.86    7.27
 136140.959    59.891     1.24    6.84
 136519.504    56.661    -8.53    7.08
 136897.949    54.466    -5.80    5.10
 137276.294    56.612     5.67    6.31
 137654.539    59.817     8.47    5.68
 138032.683    62.217     6.35    3.66
 138410.727    61.437    -2.06    4.61
 138788.671    58.948    -6.58    7.04
 139166.516    55.785    -8.37    9.04
 139544.260    52.254    -9.35    9.39
 139921.905    50.383    -4.95    9.03
 140299.450    49.769    -1.63    9.38
 140676.895    52.605     7.51   11.21
 141054.241    55.858     8.62   12.45
 141431.487    60.447    12.16   14.60
 141808.634    70.240    25.96   16.80
 142185.682    80.214    26.45   13.81
 142562.630    89.050    23.44    9.30
 142939.479    91.950     7.70    5.54
 143316.229    90.441    -4.01    6.63
 143692.880    85.917   -12.01    8.28
 144069.433    79.843   -16.13    5.87
 144445.886    78.388    -3.86    4.55
 144822.240    75.750    -7.01    5.81
 145198.496    73.420    -6.19    6.53
 145574.654    71.746    -4.45    5.87
 145950.712    70.073    -4.45    3.33
 146326.673    70.927     2.27    2.79
 146702.534    71.458     1.41    2.88
 147078.298    70.739    -1.91    3.01
 147453.963    70.279    -1.23    3.07
 147829.531    69.085    -3.18    3.68
 148205.000    67.213    -4.98    4.32
 148580.371    66.543    -1.78    5.38
 148955.644    65.451    -2.91    6.86
 149330.819    65.775     0.86    7.18
 149705.897    66.701     2.47    5.76
 150080.877    64.844    -4.95    5.36
 150455.759    63.732    -2.97    5.02
 150830.544    61.367    -6.31    5.63
 151205.231    61.275    -0.24    5.30
 151579.821    64.748     9.27    6.75
 151954.314    68.525    10.09    7.23
 152328.709    73.140    12.33    5.28
 152703.007    75.442     6.15    4.05
 153077.208    75.655     0.57    3.84
 153451.312    75.633    -0.06    4.33
 153825.319    76.217     1.56    4.04
 154199.230    77.402     3.17    4.45
 154573.043    78.918     4.06    4.65
 154946.760    79.077     0.43    5.69
 155320.380    77.303    -4.75    7.78
 155693.903    74.190    -8.33    8.05
 156067.330    71.957    -5.98    6.66
 156440.661    74.592     7.06    7.20
 156813.895    78.322     9.99    6.13
 157187.033    83.158    12.96    5.32
 157560.075    84.267     2.97    5.23
 157933.021    84.667     1.07    5.65
 158305.871    84.016    -1.74    4.77
 158678.625    85.333     3.53    5.23
 159051.282    88.533     8.59    4.93
 159423.844    90.678     5.76    4.26
 159796.311    91.965     3.46    3.45
 160168.681    89.851    -5.68    4.41
 160540.956    87.800    -5.51    5.32
 160913.136    84.588    -8.63    6.14
 161285.220    82.694    -5.09    5.79
 161657.208    81.564    -3.04    4.56
 162029.102    81.769     0.55    4.61
 162400.900    84.440     7.18    5.69
 162772.603    88.849    11.86    6.44
 163144.211    93.165    11.61    6.83
 163515.723    97.895    12.73    5.24
 163887.141    99.617     4.64    4.15
 164258.464    99.202    -1.12    5.27
 164629.693    97.500    -4.58    5.41
 165000.826    95.959    -4.15    4.26
 165371.865    93.447    -6.77    4.92
 165742.809    93.508     0.16    5.96
 166113.659    96.034     6.81    7.40
 166484.414    99.838    10.26    6.91
 166855.075   101.860     5.45    5.17
 167225.642   100.788    -2.89    5.98
 167596.114    97.571    -8.68    5.50
 167966.493    95.200    -6.40    3.11
 168336.777    94.712    -1.32    3.02
 168706.967    93.328    -3.74    5.02
 169077.063    90.771    -6.91    6.42
 169447.066    86.563   -11.37    6.81
 169816.975    83.932    -7.11    4.34
 170186.789    84.309     1.02    4.33
 170556.511    85.893     4.28    4.08
 170926.138    89.880    10.79    7.41
 171295.673    97.932    21.79   13.20
 171665.113   105.158    19.56   14.63
 172034.461   113.116    21.54   12.06
 172403.715   115.857     7.42    9.80
 172772.876   116.367     1.38    7.56
 173141.944   117.720     3.67    4.36
 173510.918   119.109     3.76    2.68
 173879.800   118.305    -2.18    3.99
 174248.589   115.622    -7.28    4.87
 174617.285   113.085    -6.88    4.12
 174985.888   111.145    -5.26    2.80
 175354.398   109.933    -3.29    3.38
 175722.816   108.205    -4.69    4.27
 176091.141   107.906    -0.81    4.23
 176459.373   109.959     5.57    5.52
 176827.513   112.009     5.57    5.27
 177195.561   115.169     8.59    4.53
 177563.516   116.264     2.98    4.98
 177931.379   115.491    -2.10    5.72
 178299.150   113.297    -5.97    7.31
 178666.829   111.008    -6.22    6.54
 179034.416   108.121    -7.86    6.95
 179401.911   104.983    -8.54    8.73
 179769.314   101.559    -9.32   10.05
 180136.625    97.415   -11.28    8.30
 180503.845    93.672   -10.19    6.64
 180870.972    89.474   -11.44   12.27
 181238.009    86.378    -8.43   13.67
 181604.953    82.763    -9.85   14.60
 181971.806    80.568    -5.98   13.19
 182338.568    82.144     4.30   13.41
 182705.238    85.726     9.77   13.27
 183071.817    91.356    15.36    9.08
 183438.305    94.392     8.28    4.43
 183804.702    93.217    -3.20    4.67
 184171.007    91.731    -4.06    3.79
 184537.222    92.271     1.47    4.28
 184903.345    94.863     7.08    5.58
 185269.378    98.100     8.84    5.93
 185635.320   104.688    18.00   10.07
 186001.172   115.008    28.21   17.04
 186366.932   122.025    19.18   15.55
 186732.602   125.000     8.13   12.61
 187098.182   118.508   -17.76   13.04
 187463.671   111.092   -20.29   10.55
 187829.069   105.479   -15.36    5.59
 188194.377   107.134     4.53    7.27
 188559.595   106.457    -1.86    8.08
 188924.723   101.390   -13.88   13.55
 189289.761    93.108   -22.68   17.81
 189654.709    84.080   -24.74   14.08
 190019.566    77.157   -18.97    6.97
 190384.334    74.559    -7.12    4.09
 190749.012    75.450     2.44    5.72
 191113.600    76.983     4.20    7.56
 191478.098    78.276     3.55    7.92
 191842.507    79.233     2.63    7.18
 192206.826    78.050    -3.24    6.36
 192571.055    76.911    -3.13    5.86
 192935.195    76.832    -0.22    5.98
 193299.246    77.136     0.83    5.55
 193663.207    76.920    -0.59    4.72
 194027.079    77.271     0.97    3.95
 194390.862    77.571     0.83    4.64
 194754.556    78.596     2.82    6.28
 195118.161    80.462     5.13    6.56
 195496.745    81.547     2.87    7.70
 195879.215    80.076    -3.85    9.98
 196261.583    78.381    -4.43    9.77
 196643.850    77.957    -1.11    8.02
 197026.016    77.702    -0.67    5.58
 197408.081    75.195    -6.56    4.74
 197790.045    73.752    -3.78    4.12
 198171.907    71.903    -4.84    5.21
 198553.669    67.817   -10.70    7.84
 198935.330    62.741   -13.30    9.95
 199316.890    56.368   -16.70    9.77
 199698.350    51.947   -11.59    6.47
 200079.709    50.356    -4.17    4.51
 200460.968    51.763     3.69    6.81
 200842.126    54.164     6.30    7.38
 201223.183    53.683    -1.26    7.69
 201604.141    52.245    -3.77    6.45
 201984.998    52.517     0.71    5.08
 202365.755    54.191     4.40    6.16
 202746.412    58.881    12.32    6.50
 203126.970    62.373     9.17    5.71
 203507.427    68.559    16.26    9.83
 203887.785    74.521    15.67   12.41
 204268.042    81.965    19.57   11.94
 204648.201    87.009    13.27    9.79
 205028.259    89.516     6.60    9.47
 205408.218    90.011     1.30    9.62
 205788.078    89.535    -1.25    9.84
