-100104.665    -4.910     0.00    0.35
 -99731.435    -4.952    -0.11    0.00
 -99358.305    -4.952     0.00    0.00
 -98985.275    -4.952     0.00    0.00
 -98612.345    -4.952     0.00    0.00
 -98239.515    -4.952     0.00    0.00
 -97866.784    -2.359     6.96    6.39
 -97494.154     3.427    15.53    9.95
 -97121.623     8.705    14.17    9.03
 -96749.192    10.568     5.00    6.56
 -96376.860     9.698    -2.34    6.81
 -96004.628     9.964     0.71    7.39
 -95632.495    12.938     7.99    9.04
 -95260.461    20.128    19.33    8.85
 -94888.526    23.648     9.46   10.16
 -94516.691    25.048     3.77   11.54
 -94144.954    25.796     2.01   12.90
 -93773.317    24.963    -2.24   13.38
 -93401.778    20.632   -11.66   13.29
 -93030.338    18.273    -6.35   12.04
 -92658.997    18.669     1.06   11.28
 -92287.754    21.798     8.43   11.58
 -91916.610    29.010    19.43   10.19
 -91545.565    33.308    11.58    9.23
 -91174.618    34.232     2.49   11.32
 -90803.769    33.603    -1.70   12.92
 -90433.018    31.008    -7.00   13.43
 -90062.366    27.920    -8.33   11.90
 -89691.811    26.741    -3.18    9.31
 -89321.355    28.048     3.53   10.03
 -88950.996    33.166    13.82   11.21
 -88580.736    38.237    13.70    9.10
 -88210.573    42.465    11.42    4.60
 -87840.507    39.773    -7.28    8.09
 -87470.540    36.048   -10.07   11.06
 -87100.670    34.008    -5.52   11.68
 -86730.897    31.808    -5.95   12.02
 -86361.222    35.112     8.94   13.55
 -85991.644    39.744    12.53   13.65
 -85622.163    43.775    10.91   13.86
 -85252.779    49.431    15.31   11.03
 -84883.493    53.282    10.43    8.62
 -84514.303    54.072     2.14    7.30
 -84145.210    54.332     0.70    4.85
 -83776.214    53.413    -2.49    4.36
 -83407.315    50.283    -8.48    5.33
 -83038.513    46.398   -10.53    6.66
 -82669.807    42.356   -10.97    7.00
 -82301.197    36.220   -16.64   11.00
 -81932.685    30.196   -16.35   12.04
 -81564.268    26.552    -9.89   11.72
 -81195.948    26.080    -1.28   11.81
 -80827.724    29.041     8.04   12.86
 -80459.596    31.234     5.96   13.65
 -80091.564    34.903     9.97   13.47
 -79723.628    38.395     9.49   11.28
 -79355.788    40.056     4.52    9.86
 -78988.044    42.155     5.71    6.31
 -78620.396    42.812     1.79    5.17
 -78252.843    43.273     1.25    4.26
 -77885.386    43.250    -0.06    3.70
 -77518.024    41.143    -5.74    5.59
 -77150.758    38.521    -7.14    6.23
 -76783.587    35.057    -9.44    7.11
 -76416.512    30.993   -11.07    8.13
 -76049.532    28.757    -6.09    9.30
 -75682.647    25.936    -7.69   10.48
 -75315.857    22.749    -8.69   12.27
 -74949.162    22.339    -1.12   11.90
 -74582.562    19.483    -7.79   10.72
 -74216.057    15.545   -10.75   10.21
 -73849.647    12.604    -8.03    8.91
 -73483.331     8.677   -10.72    6.68
 -73117.110     6.111    -7.01    5.83
 -72750.984     4.000    -5.77    4.21
 -72384.952     2.661    -3.66    3.13
 -72019.014     2.088    -1.57    2.90
 -71653.171     0.904    -3.23    2.94
 -71287.422    -0.476    -3.77    2.30
 -70921.767    -0.558    -0.22    1.91
 -70556.207    -0.024     1.46    1.98
 -70190.740     1.104     3.09    1.77
 -69825.367     2.134     2.82    1.66
 -69460.089     2.602     1.28    1.69
 -69094.904     3.272     1.84    1.86
 -68729.813     4.017     2.04    1.84
 -68364.815     4.455     1.20    1.70
 -67999.912     5.304     2.33    1.34
 -67635.101     3.798    -4.13    3.72
 -67270.384     1.186    -7.16    5.15
 -66905.761    -1.790    -8.16    4.76
 -66541.231    -4.237    -6.71    2.03
 -66176.794    -4.854    -1.69    0.63
 -65812.450    -4.952    -0.27    0.00
 -65448.200    -4.952     0.00    0.00
 -65084.042    -3.525     3.92    9.38
 -64719.977    10.056    37.31   28.61
 -64356.006    28.366    50.31   35.51
 -63992.127    49.294    57.52   32.82
 -63628.340    64.796    42.61   25.01
 -63264.647    69.845    13.88   29.69
 -62901.046    68.764    -2.97   36.95
 -62537.538    63.271   -15.11   39.61
 -62174.122    55.334   -21.84   37.73
 -61810.798    42.097   -36.43   28.78
 -61447.567    33.424   -23.88   17.18
 -61068.658    30.686    -7.23   10.98
 -60685.770    30.889     0.53    6.16
 -60302.989    36.812    15.48   11.15
 -59920.313    44.565    20.26   14.92
 -59537.743    56.009    29.92   17.72
 -59155.279    66.048    26.25   17.19
 -58772.921    77.763    30.64   19.10
 -58390.669    85.056    19.08   18.34
 -58008.522    93.333    21.66   17.78
 -57626.480    99.474    16.07   19.48
 -57244.545    96.951    -6.61   19.52
 -56862.714    88.663   -21.71   18.72
 -56480.989    76.615   -31.56   17.02
 -56099.369    65.320   -29.60   10.69
 -55717.854    60.302   -13.15    6.78
 -55336.444    60.109    -0.51    6.81
 -54955.138    70.135    26.30   17.06
 -54573.938    90.000    52.11   30.10
 -54192.843   115.041    65.71   34.47
 -53811.852   144.096    76.26   37.15
 -53430.965   166.282    58.25   33.68
 -53050.183   180.744    37.98   29.43
 -52669.506   192.962    32.10   25.18
 -52288.933   203.525    27.75   25.68
 -51908.464   211.192    20.15   23.31
 -51528.099   221.968    28.33   23.27
 -51147.838   225.883    10.30   20.50
 -50767.681   219.721   -16.21   30.07
 -50387.629   200.946   -49.40   35.98
 -50007.679   176.865   -63.38   27.19
 -49627.834   161.271   -41.06   20.46
 -49248.092   155.605   -14.92   17.96
 -48868.454   156.618     2.67   20.97
 -48488.919   159.850     8.52   22.57
 -48109.488   165.317    14.41   28.51
 -47730.160   163.631    -4.45   38.01
 -47350.935   152.960   -28.14   45.38
 -46971.813   139.903   -34.44   40.51
 -46592.794   131.440   -22.33   29.47
 -46213.878   129.273    -5.72   23.67
 -45835.065   139.318    26.52   23.74
 -45456.355   152.064    33.66   23.34
 -45077.748   163.872    31.19   21.77
 -44699.243   171.504    20.16   20.92
 -44320.841   176.886    14.22   17.69
 -43942.541   179.710     7.47   14.07
 -43564.343   178.786    -2.44   15.12
 -43186.248   169.456   -24.68   22.31
 -42808.255   155.686   -36.43   26.73
 -42430.364   138.864   -44.52   26.37
 -42052.575   125.552   -35.24   24.96
 -41674.888   120.255   -14.03   24.34
 -41297.303   105.636   -38.72   30.19
 -40919.820    85.024   -54.60   35.10
 -40542.438    66.976   -47.83   29.18
 -40165.159    60.493   -17.18   20.99
 -39787.980    65.497    13.27   26.25
 -39410.903    83.400    47.48   36.62
 -39033.928    95.210    31.33   36.83
 -38657.053   101.868    17.67   36.06
 -38280.280   106.008    10.99   31.72
 -37903.609   111.149    13.65   20.48
 -37527.038   116.456    14.09   14.50
 -37150.568   119.460     7.98   17.10
 -36774.199   129.072    25.54   26.39
 -36397.931   141.440    32.87   27.96
 -36021.763   152.195    28.59   27.63
 -35645.696   160.752    22.76   30.81
 -35269.730   161.180     1.14   32.26
 -34893.864   159.585    -4.24   31.69
 -34518.099   159.324    -0.69   25.76
 -34142.434   160.488     3.10   21.82
 -33766.869   160.318    -0.45   23.13
 -33391.405   155.788   -12.07   25.19
 -33016.040   154.748    -2.77   25.45
 -32640.776   159.080    11.55   26.22
 -32265.611   178.057    50.58   25.97
 -31890.546   198.080    53.39   25.38
 -31515.581   205.153    18.86   25.93
 -31140.716   211.686    17.43   27.54
 -30765.950   223.302    31.00   29.30
 -30391.284   235.666    33.00   29.08
 -30016.717   241.557    15.73   25.69
 -29642.250   238.752    -7.49   28.11
 -29267.882   227.872   -29.06   33.96
 -28893.613   216.312   -30.89   33.74
 -28519.443   203.815   -33.40   28.14
 -28145.372   188.919   -39.82   23.61
 -27771.401   176.371   -33.55   18.22
 -27397.528   167.557   -23.58   12.07
 -27023.754   163.702   -10.31    9.79
 -26650.078   162.349    -3.62   10.49
 -26276.502   161.431    -2.46    8.82
 -25903.024   159.763    -4.47    8.40
 -25529.644   160.726     2.58    9.01
 -25156.363   167.512    18.18   11.60
 -24783.180   175.393    21.12   13.75
 -24410.096   183.726    22.34   13.83
 -24037.109   192.887    24.56   13.56
 -23664.221   208.031    40.61   20.57
 -23291.431   230.016    58.97   35.44
 -22918.738   256.850    72.00   39.13
 -22546.144   280.710    64.04   29.05
 -22173.648   288.168    20.02   18.76
 -21801.249   281.548   -17.78   19.72
 -21428.948   266.007   -41.74   18.53
 -21056.744   255.584   -28.00   13.46
 -20684.638   249.126   -17.36   10.36
 -20312.629   248.456    -1.80   13.09
 -19940.718   249.460     2.70   16.22
 -19568.904   249.247    -0.57   19.64
 -19197.187   247.272    -5.31   22.85
 -18825.567   246.161    -2.99   25.46
 -18454.044   246.040    -0.32   25.99
 -18082.618   246.379     0.91   25.91
 -17711.289   247.048     1.80   26.04
 -17340.057   243.207   -10.35   26.12
 -16968.922   237.219   -16.13   23.78
 -16597.883   231.565   -15.24   17.60
 -16226.941   225.400   -16.62   13.12
 -15856.095   222.979    -6.53   12.88
 -15485.346   219.105   -10.45   13.75
 -15114.693   213.170   -16.01   16.31
 -14744.136   204.676   -22.92   19.76
 -14373.676   195.032   -26.03   19.16
 -14003.312   185.650   -25.33   12.30
 -13633.043   183.162    -6.72    6.05
 -13262.871   186.616     9.33    5.79
 -12892.795   192.695    16.43    8.15
 -12522.814   201.298    23.25   11.86
 -12152.929   207.284    16.18   10.95
 -11783.140   212.603    14.38    5.96
 -11413.447   211.790    -2.20    7.05
 -11043.849   209.162    -7.11    8.49
 -10674.346   206.499    -7.21    8.33
 -10304.939   203.632    -7.76    8.11
  -9935.627   201.134    -6.77    6.37
  -9566.411   200.960    -0.47    6.63
  -9197.289   203.298     6.34    8.98
  -8828.263   208.918    15.23   11.64
  -8459.331   216.371    20.20   11.32
  -8090.495   223.475    19.26    8.90
  -7721.753   228.073    12.47    5.54
  -7353.107   228.136     0.17    5.14
  -6984.555   227.385    -2.04    5.34
  -6616.097   226.072    -3.56    5.39
  -6247.734   222.024   -10.99    8.78
  -5879.466   214.609   -20.14   15.88
  -5511.292   199.601   -40.76   23.61
  -5143.212   178.901   -56.24   27.79
  -4775.227   152.709   -71.18   28.45
  -4407.336   130.274   -60.98   26.93
  -4039.539   110.770   -53.03   20.80
  -3671.836    97.635   -35.72   12.22
  -3304.227    95.589    -5.57   12.95
  -2936.712   100.271    12.74   16.77
  -2569.291   109.853    26.08   17.53
  -2201.963   113.218     9.16   16.15
  -1834.730   109.264   -10.77   18.78
  -1467.590    97.040   -33.29   21.99
  -1100.543    79.637   -47.41   24.22
   -733.590    53.746   -70.56   34.65
   -366.730    28.290   -69.39   34.79
      0.036     8.240   -54.67   23.69
    366.709     0.057   -22.32   10.35
    733.289     5.315    14.34   14.16
   1099.775    12.148    18.65   14.72
   1466.169    34.663    61.45   33.81
   1832.470    47.952    36.28   33.69
   2198.678    54.185    17.02   32.05
   2564.793    54.626     1.20   30.61
   2930.815    46.211   -22.99   25.70
   3296.744    41.022   -14.18   13.96
   3662.581    44.782    10.28    7.94
   4028.325    47.205     6.63    9.11
   4393.977    50.167     8.10    8.95
   4759.537    54.910    12.98    9.44
   5125.004    58.553     9.97    8.67
   5490.378    62.490    10.78    7.81
   5855.661    67.696    14.25    6.69
   6220.851    71.404    10.15    5.95
   6585.950    75.817    12.09    7.52
   6950.956    80.202    12.01    7.05
   7315.871    83.510     9.07    7.38
   7680.693    83.327    -0.50    8.94
   8045.424    84.718     3.81    9.13
   8410.063    86.101     3.79    9.28
   8774.611    88.379     6.25   10.44
   9139.067    92.393    11.01   12.07
   9503.431    94.496     5.77   14.26
   9867.704    92.788    -4.69   16.22
  10231.886    89.387    -9.34   17.22
  10595.976    84.221   -14.19   15.10
  10959.975    82.479    -4.78   11.35
  11323.883    82.844     1.00    9.22
  11687.700    83.193     0.96    8.02
  12051.426    81.282    -5.25    9.93
  12415.061    78.165    -8.57   10.88
  12778.605    76.726    -3.96    9.98
  13142.058    80.048     9.14   11.05
  13513.414    86.931    18.53   11.55
  13896.155    96.349    24.61   11.26
  14278.791   102.751    16.73    9.89
  14661.323   105.553     7.32   12.23
  15043.752   105.957     1.06   13.60
  15426.077   105.116    -2.20   11.58
  15808.299   108.805     9.65   11.02
  16190.417   117.864    23.71   16.78
  16572.432   130.032    31.85   18.02
  16954.343   136.191    16.13   13.10
  17336.152   125.737   -27.38   27.78
  17717.857   103.691   -57.76   35.85
  18099.459    82.040   -56.74   26.39
  18480.958    72.122   -26.00   12.90
  18862.354    72.750     1.65    9.13
  19243.647    72.520    -0.60   10.83
  19624.838    70.527    -5.23   11.85
  20005.926    71.581     2.77   12.51
  20386.912    76.371    12.57   13.59
  20767.795    83.057    17.55   13.85
  21148.575    86.861     9.99   12.34
  21529.253    83.683    -8.35   15.91
  21909.830    76.450   -19.01   17.22
  22290.303    68.169   -21.76   13.08
  22670.675    63.908   -11.20    8.97
  23050.945    62.586    -3.48    9.26
  23431.113    62.240    -0.91   12.33
  23811.179    64.809     6.76   13.48
  24191.144    66.920     5.56   14.03
  24571.006    68.585     4.38   12.43
  24950.768    70.925     6.16    8.68
  25330.427    75.040    10.84   10.40
  25709.986    81.148    16.09   13.05
  26089.442    86.753    14.77   15.34
  26468.798    89.983     8.51   14.45
  26848.053    93.642     9.65   12.93
  27227.206    95.934     6.05   10.97
  27606.258    99.812    10.23    8.74
  27985.210   102.470     7.01    8.32
  28364.060   101.486    -2.60    9.02
  28742.810   100.132    -3.58   10.46
  29121.459    96.520    -9.54   11.12
  29500.008    91.144   -14.20   14.25
  29878.456    84.032   -18.79   15.97
  30256.804    78.826   -13.76   15.27
  30635.051    72.573   -16.53   12.37
  31013.198    71.223    -3.57   11.46
  31391.244    71.815     1.57   12.32
  31769.191    73.948     5.64   13.78
  32147.037    77.152     8.48   13.39
  32524.784    82.483    14.11   11.63
  32902.430    83.973     3.95    9.42
  33279.977    77.240   -17.83   15.00
  33657.424    70.973   -16.60   16.65
  34034.772    65.997   -13.19   12.76
  34412.019    67.272     3.38   11.81
  34789.168    74.344    18.75   10.10
  35166.217    78.305    10.50    8.15
  35543.166    81.577     8.68    8.55
  35920.016    83.418     4.88    9.44
  36296.768    83.917     1.32   11.31
  36673.420    79.469   -11.81   15.45
  37049.972    71.221   -21.91   16.44
  37426.426    66.303   -13.06   11.58
  37802.781    65.640    -1.76    9.03
  38179.038    69.114     9.23    8.70
  38555.195    72.108     7.96    7.09
  38931.254    72.491     1.02    5.27
  39307.215    72.264    -0.60    4.47
  39683.076    73.368     2.94    4.91
  40058.840    74.379     2.69    5.62
  40434.505    76.913     6.74    7.24
  40810.072    80.528     9.63    7.58
  41185.541    82.727     5.86    6.96
  41560.911    82.577    -0.40    8.01
  41936.184    82.190    -1.03    7.98
  42311.358    82.124    -0.18    7.93
  42686.435    81.850    -0.73    8.65
  43061.414    78.680    -8.45   10.55
  43436.295    74.040   -12.38   10.61
  43811.078    69.553   -11.97    9.00
  44185.764    64.640   -13.11    6.15
  44560.353    60.732   -10.43    7.19
  44934.844    56.259   -11.94    8.74
  45309.238    51.916   -11.60   10.51
  45683.534    46.574   -14.27   10.94
  46057.733    41.098   -14.63   10.36
  46431.835    36.465   -12.38    8.02
  46805.840    34.342    -5.68    5.17
  47179.748    33.883    -1.23    4.87
  47553.560    32.399    -3.97    5.71
  47927.274    29.131    -8.74    7.04
  48300.892    25.908    -8.63    6.16
  48674.413    22.348    -9.53    3.87
  49047.837    21.499    -2.27    2.97
  49421.165    21.837     0.90    3.22
  49794.396    22.073     0.63    4.55
  50167.531    22.173     0.27    5.08
  50540.570    21.411    -2.05    4.18
  50913.512    21.352    -0.16    4.33
  51286.359    22.505     3.09    5.31
  51659.109    26.627    11.06    8.57
  52031.763    30.693    10.91   10.61
  52404.322    37.664    18.71   12.01
  52776.784    45.270    20.42   13.16
  53149.151    51.613    17.03   12.65
  53521.422    58.908    19.60   12.76
  53893.598    62.200     8.84   13.49
  54265.678    64.961     7.42   14.73
  54637.662    66.288     3.57   15.03
  55009.551    66.715     1.15   14.02
  55381.345    66.990     0.74   12.36
  55753.043    64.165    -7.60   11.81
  56124.646    62.548    -4.35   10.75
  56496.154    62.189    -0.97    9.58
  56867.567    62.989     2.15    9.76
  57238.885    69.150    16.59   11.33
  57610.109    75.823    17.98   12.17
  57981.237    83.601    20.96   11.29
  58352.271    91.240    20.59   11.75
  58723.210    99.847    23.20   12.31
  59094.054   108.519    23.38   11.41
  59464.804   115.958    20.07   11.13
  59835.459   123.229    19.61   11.45
  60206.020   129.628    17.27   11.90
  60576.487   134.788    13.93   10.14
  60946.859   138.904    11.11    8.95
  61317.137   143.746    13.07   12.17
  61687.321   152.260    23.00   16.65
  62057.411   163.956    31.60   17.67
  62427.407   172.880    24.12   11.63
  62797.310   175.012     5.76    8.29
  63167.118   170.478   -12.26   10.76
  63536.833   165.523   -13.40   10.61
  63906.454   161.477   -10.94   12.10
  64275.981   158.632    -7.70   15.14
  64645.415   153.882   -12.86   18.09
  65014.755   149.557   -11.71   16.43
  65384.002   146.981    -6.97   13.73
  65753.156   149.193     5.99   12.81
  66122.216   152.942    10.16   12.29
  66491.184   156.724    10.25   10.67
  66860.058   158.698     5.35   10.31
  67228.839   159.269     1.55   11.04
  67597.527   158.630    -1.73   11.32
  67966.122   153.412   -14.16   12.33
  68334.625   148.595   -13.07   13.42
  68703.034   145.183    -9.26   14.03
  69071.351   144.217    -2.62   13.89
  69439.576   148.391    11.34   15.45
  69807.708   155.639    19.69   18.98
  70175.747   159.082     9.36   18.68
  70543.694   160.162     2.94   16.62
  70911.549   158.115    -5.57   13.14
  71279.311   157.783    -0.90   11.04
  71646.981   161.792    10.90    9.95
  72014.559   164.867     8.36    8.19
  72382.045   168.294     9.33    5.93
  72749.439   167.684    -1.66    7.53
  73116.741   162.704   -13.56   11.66
  73483.951   153.399   -25.34   15.30
  73851.070   141.907   -31.30   14.34
  74218.096   131.150   -29.31   12.60
  74585.031   123.760   -20.14    9.00
  74951.875   119.734   -10.97    9.03
  75318.627   118.250    -4.05    8.47
  75685.288   120.852     7.09    9.66
  76051.857   124.903    11.05   12.55
  76418.335   131.314    17.49   12.99
  76784.721   138.257    18.95   14.70
  77151.017   144.675    17.52   15.59
  77517.221   146.964     6.25   14.50
  77883.334   146.165    -2.18   12.90
  78249.357   145.022    -3.12    9.08
  78615.288   145.107     0.23    6.95
  78981.129   146.379     3.48    7.19
  79346.879   148.765     6.52    7.52
  79712.538   149.447     1.86    8.03
  80078.107   149.294    -0.42    7.73
  80443.585   150.303     2.76    6.06
  80808.972   151.752     3.97    5.64
  81174.270   154.610     7.82    6.41
  81539.476   158.726    11.27    6.36
  81904.593   163.519    13.13    6.31
  82269.619   167.821    11.79    6.66
  82634.555   173.082    14.42    7.78
  82999.401   177.906    13.22    8.54
  83364.157   181.911    10.98    9.12
  83728.823   185.368     9.48    8.97
  84093.400   186.879     4.14    7.82
  84457.886   185.307    -4.31    6.66
  84822.283   181.665    -9.99    7.37
  85186.590   176.852   -13.21    9.06
  85550.807   166.687   -27.91   14.65
  85914.935   155.973   -29.42   16.96
  86278.973   146.739   -25.36   13.65
  86642.922   145.277    -4.02   12.58
  87006.781   148.343     8.42   13.50
  87370.552   154.409    16.68   10.45
  87734.233   158.207    10.44    9.52
  88098.543   161.065     7.85    8.48
  88481.127   165.650    11.98    8.17
  88863.609   167.999     6.14    7.97
  89245.990   167.781    -0.57    7.50
  89628.269   164.393    -8.86    8.43
  90010.447   159.076   -13.91    9.99
  90392.524   153.208   -15.36    8.71
  90774.499   150.373    -7.42    7.22
  91156.374   148.315    -5.39    6.86
  91538.147   146.040    -5.96    7.88
  91919.820   143.142    -7.59    7.92
  92301.391   141.489    -4.33    7.85
  92682.862   145.553    10.65   10.74
  93064.232   150.880    13.97   10.51
  93445.502   156.409    14.50    8.88
  93826.670   163.574    18.80   12.01
  94207.739   169.448    15.42   10.98
  94588.707   165.166   -11.24   17.06
  94969.575   159.510   -14.85   19.32
  95350.342   151.240   -21.72   17.32
  95731.010   146.938   -11.30   14.66
  96111.577   146.350    -1.55   14.36
  96492.044   149.099     7.22   12.15
  96872.412   153.772    12.28    7.93
  97252.679   155.309     4.04    6.94
  97632.847   158.588     8.63    5.77
  98012.915   162.852    11.22    5.40
  98392.883   166.681    10.08    7.11
  98772.752   168.057     3.62    7.94
  99152.522   167.913    -0.38    8.50
  99532.192   168.464     1.45    8.07
  99911.763   169.553     2.87    7.53
 100291.234   173.588    10.63    6.22
 100670.607   172.914    -1.78    7.96
 101049.880   167.513   -14.24   12.18
 101429.054   159.485   -21.17   11.53
 101808.130   155.307   -11.02    7.11
 102187.107   155.747     1.16    6.44
 102565.984   159.809    10.72    8.01
 102944.764   165.162    14.13    7.90
 103323.444   169.200    10.66    6.22
 103702.026   170.176     2.58    5.47
 104080.510   171.292     2.95    6.95
 104458.895   175.066     9.97    9.50
 104837.182   181.277    16.42   11.03
 105215.371   186.305    13.29    7.72
 105593.461   188.137     4.85    5.01
 105971.454   185.166    -7.86    5.95
 106349.348   180.894   -11.30    5.15
 106727.145   180.309    -1.55    5.11
 107104.843   180.704     1.04    5.61
 107482.444   181.999     3.43    5.51
 107859.947   181.809    -0.50    5.53
 108237.353   179.143    -7.06    5.41
 108614.661   176.642    -6.63    5.01
 108991.872   176.385    -0.68    4.53
 109368.985   177.574     3.15    4.82
 109746.001   174.601    -7.88    8.63
 110122.919   170.245   -11.56   10.83
 110499.741   168.065    -5.78   10.95
 110876.465   168.664     1.59   12.00
 111253.092   172.869    11.16   11.72
 111629.623   177.148    11.36    8.36
 112006.056   175.813    -3.55    8.21
 112382.393   173.787    -5.38    7.29
 112758.633   174.997     3.22    8.10
 113134.776   176.988     5.29    8.70
 113510.823   181.102    10.94    7.25
 113886.773   180.973    -0.34    6.58
 114262.627   176.521   -11.84    9.30
 114638.384   172.260   -11.34    8.70
 115014.046   170.617    -4.37    6.89
 115389.610   172.743     5.66    7.04
 115765.079   175.643     7.72    5.36
 116140.452   176.487     2.25    4.44
 116515.729   173.701    -7.42    5.50
 116890.910   169.736   -10.57    6.36
 117265.995   165.201   -12.09    7.68
 117640.984   160.195   -13.35    8.16
 118015.877   157.205    -7.98    6.98
 118390.675   158.464     3.36    8.20
 118765.378   162.958    11.99    9.01
 119139.984   168.600    15.06    7.37
 119514.496   172.290     9.85    6.20
 119888.912   175.040     7.35    6.11
 120263.233   177.707     7.12    5.27
 120637.459   179.161     3.88    4.23
 121011.589   178.786    -1.00    4.61
 121385.625   175.612    -8.48    7.18
 121759.565   170.758   -12.98    8.19
 122133.411   167.988    -7.41    9.19
 122507.162   166.523    -3.92    9.72
 122880.818   166.488    -0.09    9.53
 123254.379   166.553     0.17    7.76
 123627.846   166.531    -0.06    6.40
 124001.218   167.170     1.71    6.06
 124374.496   169.498     6.23    6.80
 124747.679   170.514     2.72    7.16
 125120.768   171.829     3.52    6.39
 125493.763   173.752     5.15    6.14
 125866.663   175.406     4.44    5.60
 126239.470   176.657     3.36    4.53
 126612.182   178.092     3.85    4.68
 126984.801   180.126     5.46    7.83
 127357.325   182.152     5.44    8.42
 127729.756   184.430     6.12    6.21
 128102.093   185.642     3.25    4.78
 128474.336   187.247     4.31    6.76
 128846.485   190.749     9.41    9.10
 129218.541   192.255     4.05   10.37
 129590.504   191.221    -2.78   12.17
 129962.373   189.066    -5.80   11.18
 130334.149   186.527    -6.83    8.67
 130705.832   187.704     3.17    8.21
 131077.421   190.048     6.31   10.35
 131448.917   194.238    11.28   11.45
 131820.320   198.354    11.08   10.48
 132191.630   201.926     9.62    8.53
 132562.848   204.631     7.29    5.58
 132933.972   204.544    -0.23    5.64
 133305.003   200.718   -10.31   10.02
 133675.942   192.075   -23.30   15.90
 134046.789   182.940   -24.63   16.08
 134417.542   171.614   -30.55   12.62
 134788.203   163.333   -22.34   11.30
 135158.772   158.316   -13.54   10.85
 135529.248   156.279    -5.50   10.24
 135899.632   154.459    -4.91   11.26
 136269.924   152.798    -4.48   11.18
 136640.124   151.014    -4.82    8.85
 137010.231   150.522    -1.33    8.20
 137380.247   156.242    15.46   10.93
 137750.170   164.759    23.02   14.69
 138120.002   175.005    27.70   15.66
 138489.742   184.938    26.86   14.94
 138859.390   192.976    21.74   11.11
 139228.946   191.773    -3.26   12.43
 139598.411   186.254   -14.94   14.68
 139967.784   177.570   -23.51   14.58
 140337.066   168.186   -25.41   11.73
 140706.256   164.594    -9.73    8.80
 141075.355   167.373     7.53    8.19
 141444.363   168.741     3.71    7.58
 141813.279   173.686    13.40    7.12
 142182.105   178.614    13.36    5.73
 142550.839   182.443    10.38    4.73
 142919.482   184.824     6.46    3.80
 143288.035   185.205     1.03    3.50
 143656.496   180.805   -11.94    9.64
 144024.867   169.100   -31.77   19.53
 144393.146   162.308   -18.44   19.29
 144761.336   164.536     6.05   24.81
 145129.434   171.866    19.91   29.77
 145497.442   184.318    33.83   25.46
 145865.360   188.142    10.39   22.28
 146233.187   181.258   -18.72   19.27
 146600.924   171.988   -25.21   13.73
 146968.570   168.040   -10.74    9.67
 147336.127   168.544     1.37    9.81
 147703.593   166.840    -4.64   10.68
 148070.969   160.748   -16.58   10.80
 148438.255   152.648   -22.05    9.26
 148805.451   149.290    -9.15    8.20
 149172.558   147.775    -4.13    5.90
 149539.574   149.127     3.68    6.18
 149906.501   148.606    -1.42   10.84
 150273.338   146.689    -5.23   13.30
 150640.085   144.883    -4.92   13.93
 151006.743   144.576    -0.84   13.75
 151373.312   143.979    -1.63   11.24
 151739.791   145.376     3.81   10.98
 152106.180   145.402     0.07    9.65
 152472.481   143.614    -4.88   11.04
 152838.692   140.932    -7.32   10.89
 153204.814   138.617    -6.32    9.62
 153570.846   139.266     1.77   11.53
 153936.790   143.703    12.12   14.32
 154302.645   145.842     5.85   14.91
 154668.411   144.987    -2.34   12.41
 155034.088   142.794    -6.00    6.53
 155399.677   142.553    -0.66    4.91
 155765.176   146.667    11.25    9.01
 156130.587   152.605    16.25   10.47
 156495.910   158.996    17.49   11.03
 156861.144   160.607     4.41   10.57
 157226.289   154.583   -16.50   14.22
 157591.346   148.891   -15.59   15.82
 157956.315   142.417   -17.74   10.84
 158321.195   141.222    -3.27    9.46
 158685.988   143.877     7.28    8.95
 159050.692   141.271    -7.15   10.93
 159415.308   136.301   -13.63   10.19
 159779.836   133.085    -8.82    8.14
 160144.276   131.893    -3.27    6.06
 160508.629   133.712     4.99    6.24
 160872.893   136.680     8.15    6.90
 161237.070   138.135     3.99    6.20
 161601.159   141.883    10.30    5.53
 161965.160   147.622    15.77    7.48
 162329.074   151.057     9.44    8.42
 162692.901   154.733    10.10    9.07
 163069.165   151.471    -8.67   12.85
 163451.486   144.506   -18.21   13.53
 163833.707   136.305   -21.46   12.84
 164215.830   130.670   -14.74   13.23
 164597.853   126.971    -9.68   13.97
 164979.777   124.557    -6.32   15.14
 165361.603   125.848     3.38   17.64
 165743.330   123.814    -5.33   20.22
 166124.958   120.557    -8.53   22.59
 166506.487   118.396    -5.66   24.77
 166887.918   110.544   -20.58   23.22
 167269.250    99.379   -29.28   23.58
 167650.484    84.772   -38.31   18.57
 168031.620    72.954   -31.01   14.72
 168412.657    61.177   -30.90    8.95
 168793.596    54.445   -17.67    8.01
 169174.438    52.571    -4.92    7.01
 169555.181    54.566     5.24    8.02
 169935.826    55.329     2.00    8.86
 170316.373    55.718     1.02    8.55
 170696.823    57.622     5.00   10.04
 171077.174    58.571     2.49   10.73
 171457.428    60.544     5.19   11.12
 171837.585    70.448    26.05   17.49
 172217.644    85.342    39.18   22.86
 172597.606   104.819    51.26   21.19
 172977.470   118.875    37.00   15.65
 173357.237   127.544    22.83   12.28
 173736.907   132.901    14.11   10.06
 174116.479   135.127     5.87    9.31
 174495.955   136.792     4.39    8.32
 174875.333   138.109     3.47    8.58
 175254.615   139.949     4.85    9.12
 175633.800   140.057     0.28    8.54
 176012.888   138.209    -4.88   10.72
 176391.879   128.622   -25.29   15.17
 176770.774   121.139   -19.75   11.37
 177149.572   121.978     2.22   10.81
 177528.274   128.712    17.78   14.14
 177906.879   138.259    25.21   11.99
 178285.388   145.866    20.09    9.72
 178663.801   152.209    16.76    9.50
 179042.118   158.179    15.78   13.90
 179420.338   167.039    23.42   17.87
 179798.463   172.617    14.75   17.59
 180176.491   171.122    -3.96   20.37
 180554.424   161.517   -25.41   21.76
 180932.261   148.261   -35.08   12.33
 181310.002   138.163   -26.73   12.70
 181687.647   127.572   -28.04   14.99
 182065.197   114.598   -34.36   15.91
 182442.651   103.653   -28.99   13.50
 182820.010    97.531   -16.22    8.60
