# NaN NaN NaN ;Mean Elev.(m), Avg Gradient(m/km), RMS Gradient(m/km) - SRTM1     
#    7.064  -1.416  12.395 ;Mean Elev.(m), Avg Gradient(m/km), RMS Gradient(m/km) - ASTER GDEM
#    1.087  -1.372  14.366 ;Mean Elev.(m), Avg Gradient(m/km), RMS Gradient(m/km) - GMTED2010 
  7 121.132543  72.771698     9.306     9.306  2 52471.16030059  3.023
  8 121.131132  72.772203   100.107   100.107  2 52506.16028025  1.015
 10 121.136491  72.770901    -0.049    -0.049  2 52576.16031042 21.382
 11 121.128536  72.771708     0.311     0.311  2 52611.16027263 17.150
 13 121.135310  72.771273     2.425     2.425  2 52681.16023237 14.563
 18 121.144942  72.767562     1.883     2.095  3 52856.16037786 21.246
 20 121.121221  72.774599     1.142     1.142  2 52926.16036266 33.907
 22 121.139021  72.770205     6.218     6.218  2 52996.16036970  9.573
 23 121.121192  72.773481     4.078     5.867  3 53031.16033174  8.972
 24 121.143311  72.768605     2.397     0.961  3 53066.16033945  7.590
 25 121.118536  72.774098     5.388     5.189  3 53101.16033949  7.775
 26 121.147540  72.768592     7.954     7.954  2 53136.16034072  4.650
 28 121.134933  72.771011     0.643     0.643  2 53206.16040624 25.835
 31 121.135251  72.769000    -0.155    -0.155  2 53311.16038600 19.413
 32 121.128743  72.769626     0.354     0.354  2 53346.16035204 15.331
 34 121.140350  72.769845     0.155     0.155  2 53416.16032956 12.135
 36 121.135196  72.770153     0.669     0.761  3 53486.16041176  9.713
 37 121.136433  72.770076     5.205     5.205  2 53521.16040511 25.297
 38 121.130934  72.772243     0.683     0.683  2 53556.16042903 27.043
 39 121.129965  72.770985     1.792     1.805  3 53591.16036904 19.851
 41 121.139503  72.768502     0.186     0.250  3 53661.16038096 38.632
 42 121.129238  72.772419    -0.178    -0.178  2 53696.16035057 17.725
 43 121.124445  72.773807     0.311     0.311  2 53731.16027320 13.423
 45 121.129795  72.773178     6.233     6.233  2 53801.16024656 12.059
 47 121.139374  72.768486     3.772     4.806  3 53871.16030995  5.673
 49 121.131156  72.772119     0.425     0.425  2 53941.16037701 31.118
 52 121.145511  72.768421    -0.153    -0.153  2 54046.16034902 20.711
 53 121.128472  72.771626    -0.228    -0.228  2 54081.16034206 17.581
 54 121.120433  72.775207     0.206     0.206  2 54116.16027494 16.401
 55 121.136883  72.769714     0.197     0.207  3 54151.16029204 12.710
 57 121.140763  72.767858     2.749     2.749  2 54221.16030172 11.129
 58 121.134781  72.769695    10.912    10.932  3 54256.16032465 21.595
 61 121.120869  72.774829     4.811     4.811  2 54361.16027531 27.050
 62 121.139803  72.768656     0.228     0.228  2 54396.16026405 25.561
 63 121.123920  72.770996     0.103     0.103  2 54431.16022593 13.124
 64 121.144410  72.767545     3.428     4.607  3 54466.16024474 11.358
 65 121.127552  72.770345     3.304     3.304  2 54501.16023913 10.306
 66 121.137191  72.770181     0.766     0.766  2 54536.16025956  8.576
 67 121.122234  72.772029     3.180     3.180  2 54571.16024125  9.747
 69 121.133287  72.771433     4.504     4.504  2 54641.16026274 24.007
 71 121.121423  72.771362     2.622     2.622  2 54711.16022062 46.208
 72 121.139844  72.769550    -0.184    -0.184  2 54746.16023281 35.272
 73 121.131485  72.770232    -0.103    -0.117  3 54781.16020575 22.755
 74 121.141754  72.768666    -0.004    -0.023  3 54816.16022593 19.349
 75 121.131343  72.772280     0.483     0.483  2 54851.16020340 19.569
 76 121.137754  72.769530     0.671     0.671  2 54886.16023003 18.091
 77 121.119372  72.775429     0.294     0.294  2 54921.16020441 15.810
 78 121.140494  72.768484     0.391     0.349  3 54956.16022569 13.858
 80 121.128938  72.769672     1.344     1.344  2 55026.16024021 19.662
 82 121.118747  72.774423     1.639     1.639  2 55096.16018317 23.304
 84 121.130196  72.770834     0.819     0.819  2 55166.16014554 11.765
 85 121.139912  72.769439     0.339     0.310  3 55201.16016795  8.316
 86 121.123392  72.771569     0.947     0.947  2 55236.16015199 11.334
 87 121.134092  72.769478     0.816     0.816  2 55271.16016257 11.223
 88 121.121793  72.773694     0.521     0.521  2 55306.16013304 10.421
 89 121.136469  72.769684     3.643     4.528  3 55341.16013301 45.501
 90 121.130185  72.770858     5.319     7.162  3 55376.16012603 24.176
 92 121.134150  72.771050     1.423     1.423  2 55446.16014133 26.006
 93 121.115462  72.773554    -0.277    -0.277  2 55481.16007435 29.963
