# NaN NaN NaN ;Mean Elev.(m), Avg Gradient(m/km), RMS Gradient(m/km) - SRTM1     
#    7.064  -1.416  12.395 ;Mean Elev.(m), Avg Gradient(m/km), RMS Gradient(m/km) - ASTER GDEM
#    1.087  -1.372  14.366 ;Mean Elev.(m), Avg Gradient(m/km), RMS Gradient(m/km) - GMTED2010 
  7    10.000 52471.16030027  1.97 121.135453  72.773133  7.337
  7     8.613 52471.16030092  3.87 121.129633  72.770263  7.337
  8    99.326 52506.16027993  1.04 121.134037  72.773638  2.304
  8   100.888 52506.16028057  0.99 121.128227  72.770768  2.304
 10    -0.124 52576.16031009 21.88 121.139396  72.772336  4.678
 10     0.027 52576.16031074 20.82 121.133586  72.769466  4.678
 11     0.138 52611.16027231 17.14 121.131441  72.773143  4.159
 11     0.484 52611.16027295 17.16 121.125631  72.770273  4.159
 13     2.573 52681.16023205 14.72 121.138220  72.772708 10.509
 13     2.276 52681.16023270 14.40 121.132400  72.769838 10.509
 18     2.568 52856.16037722 21.96 121.150759  72.770432 15.707
 18     2.095 52856.16037786 21.94 121.144939  72.767562 15.707
 18     0.986 52856.16037851 19.36 121.139129  72.764692 15.707
 20     1.123 52926.16036234 32.55 121.124126  72.776034 12.340
 20     1.161 52926.16036298 34.94 121.118316  72.773164 12.340
 22     6.113 52996.16036938  9.74 121.141926  72.771640  3.390
 22     6.322 52996.16037002  9.40 121.136116  72.768770  3.390
 23     6.008 53031.16033109  9.00 121.127002  72.776351  3.140
 23     5.867 53031.16033174  8.80 121.121192  72.773481  3.140
 23     0.359 53031.16033238  9.11 121.115382  72.770611  3.140
 24     0.627 53066.16033881  7.80 121.149121  72.771475  4.454
 24     0.961 53066.16033945  7.71 121.143311  72.768605  4.454
 24     5.602 53066.16034010  7.24 121.137501  72.765735  4.454
 25     6.407 53101.16033885  7.88 121.124346  72.776968  3.039
 25     5.189 53101.16033949  8.39 121.118536  72.774098  3.039
 25     4.567 53101.16034014  6.93 121.112726  72.771228  3.039
 26     7.554 53136.16034039  4.85 121.150450  72.770027  2.527
 26     8.355 53136.16034104  4.44 121.144630  72.767157  2.527
 28     0.476 53206.16040591 28.51 121.137838  72.772446  5.943
 28     0.811 53206.16040656 17.55 121.132028  72.769576  5.943
 31    -0.258 53311.16038568 20.26 121.138156  72.770435  4.867
 31    -0.052 53311.16038632 18.36 121.132346  72.767565  4.867
 32     0.388 53346.16035172 15.63 121.131648  72.771061  3.933
 32     0.321 53346.16035236 15.01 121.125838  72.768191  3.933
 34     0.197 53416.16032924 12.42 121.143255  72.771280  5.052
 34     0.113 53416.16032988 11.83 121.137445  72.768410  5.052
 36     0.452 53486.16041111 10.51 121.141009  72.773023  4.521
 36     0.794 53486.16041176  9.75 121.135199  72.770153  4.521
 36     0.761 53486.16041240  8.69 121.129379  72.767283  4.521
 37     4.390 53521.16040478 27.37 121.139338  72.771511 13.634
 37     6.021 53521.16040543 21.19 121.133528  72.768641 13.634
 38     1.337 53556.16042871 29.31 121.133844  72.773673  7.893
 38     0.030 53556.16042935 22.02 121.128024  72.770813  7.893
 39     1.805 53591.16036840 22.50 121.135775  72.773855  6.409
 39     2.088 53591.16036904 18.33 121.129965  72.770985  6.409
 39     1.482 53591.16036969 16.43 121.124155  72.768115  6.409
 41     0.045 53661.16038031 33.75 121.145313  72.771372 13.630
 41     0.262 53661.16038096 35.65 121.139503  72.768502 13.630
 41     0.250 53661.16038160 42.00 121.133693  72.765632 13.630
 42    -0.150 53696.16035025 18.07 121.132143  72.773854  4.674
 42    -0.206 53696.16035089 17.35 121.126333  72.770984  4.674
 43     0.279 53731.16027288 13.68 121.127350  72.775242  3.674
 43     0.342 53731.16027353 13.15 121.121540  72.772372  3.674
 45     6.416 53801.16024623 11.53 121.132700  72.774618  3.876
 45     6.050 53801.16024688 12.53 121.126890  72.771738  3.876
 47     1.039 53871.16030930  5.45 121.145191  72.771356  3.489
 47     5.472 53871.16030995  5.81 121.139371  72.768486  3.489
 47     4.806 53871.16031059  5.75 121.133561  72.765616  3.489
 49     0.842 53941.16037669 32.39 121.134061  72.773554 10.261
 49     0.008 53941.16037734 29.31 121.128251  72.770684 10.261
 52    -0.120 54046.16034870 20.81 121.148416  72.769856  6.101
 52    -0.187 54046.16034934 20.61 121.142606  72.766986  6.101
 53    -0.275 54081.16034174 17.69 121.131382  72.773061  4.963
 53    -0.181 54081.16034238 17.47 121.125562  72.770191  4.963
 54     0.034 54116.16027462 16.62 121.123338  72.776642  5.288
 54     0.377 54116.16027526 16.17 121.117528  72.773772  5.288
 55     0.129 54151.16029139 12.32 121.142693  72.772587  4.433
 55     0.207 54151.16029204 13.15 121.136883  72.769717  4.433
 55     0.256 54151.16029268 12.62 121.131073  72.766837  4.433
 57     3.373 54221.16030140 10.94 121.143668  72.769293  7.719
 57     2.125 54221.16030204 11.31 121.137858  72.766423  7.719
 58    11.695 54256.16032401 23.78 121.140594  72.772565  9.326
 58    10.109 54256.16032465 20.08 121.134784  72.769695  9.326
 58    10.932 54256.16032530 19.66 121.128964  72.766825  9.326
 61     1.716 54361.16027498 29.28 121.123774  72.776264  6.171
 61     7.907 54361.16027563 22.22 121.117964  72.773394  6.171
 62     0.210 54396.16026373 24.61 121.142713  72.770091  7.587
 62     0.246 54396.16026437 26.34 121.136893  72.767221  7.587
 63     0.058 54431.16022561 13.51 121.126825  72.772431  3.517
 63     0.149 54431.16022625 12.70 121.121015  72.769561  3.517
 64     0.656 54466.16024410 12.13 121.150220  72.770415  3.294
 64     5.021 54466.16024474 11.07 121.144410  72.767545  3.294
 64     4.607 54466.16024539 10.75 121.138600  72.764675  3.294
 65     5.905 54501.16023880 10.60 121.130457  72.771780  4.118
 65     0.704 54501.16023945  9.99 121.124647  72.768910  4.118
 66     0.635 54536.16025924  8.79 121.140096  72.771616  3.610
 66     0.897 54536.16025988  8.35 121.134286  72.768746  3.610
 67     6.111 54571.16024092 10.28 121.125139  72.773464  3.441
 67     0.248 54571.16024157  9.14 121.119329  72.770594  3.441
 69     8.940 54641.16026242 24.37 121.136192  72.772868  6.658
 69     0.067 54641.16026306 23.61 121.130382  72.769998  6.658
 71     2.607 54711.16022030 46.36 121.124328  72.772797 18.376
 71     2.636 54711.16022094 46.05 121.118518  72.769927 18.376
 72     0.094 54746.16023249 37.79 121.142754  72.770985  8.269
 72    -0.461 54746.16023314 28.58 121.136934  72.768115  8.269
 73    -0.117 54781.16020510 22.81 121.137298  72.773102  5.371
 73     0.045 54781.16020575 22.39 121.131488  72.770232  5.371
 73    -0.236 54781.16020639 23.04 121.125668  72.767362  5.371
 74     0.142 54816.16022529 19.80 121.147567  72.771536  4.883
 74    -0.023 54816.16022593 19.15 121.141757  72.768666  4.883
 74    -0.132 54816.16022658 19.06 121.135937  72.765796  4.883
 75     0.412 54851.16020308 20.34 121.134248  72.773720  7.348
 75     0.553 54851.16020372 18.63 121.128438  72.770840  7.348
 76     0.762 54886.16022971 18.83 121.140659  72.770965  6.368
 76     0.579 54886.16023035 17.20 121.134849  72.768095  6.368
 77     0.326 54921.16020408 16.02 121.122277  72.776864  5.833
 77     0.262 54921.16020473 15.59 121.116467  72.773994  5.833
 78     0.349 54956.16022505 14.30 121.146311  72.771354  5.126
 78     0.485 54956.16022569 13.81 121.140491  72.768484  5.126
 78     0.340 54956.16022634 13.42 121.134681  72.765614  5.126
 80     1.335 55026.16023989 20.76 121.131843  72.771107 13.816
 80     1.353 55026.16024054 18.19 121.126033  72.768237 13.816
 82     2.325 55096.16018284 23.88 121.121652  72.775858 12.980
 82     0.952 55096.16018349 22.64 121.115842  72.772988 12.980
 84     0.847 55166.16014522 11.77 121.133106  72.772269  4.144
 84     0.791 55166.16014586 11.76 121.127286  72.769399  4.144
 85     0.310 55201.16016730  8.56 121.145725  72.772309  3.819
 85     0.411 55201.16016795  8.35 121.139915  72.769439  3.819
 85     0.294 55201.16016859  8.02 121.134095  72.766569  3.819
 86     0.873 55236.16015167 12.59 121.126297  72.773004  5.385
 86     1.022 55236.16015231  9.56 121.120487  72.770134  5.385
 87     0.803 55271.16016224 12.12 121.137002  72.770913  3.427
 87     0.829 55271.16016289 10.09 121.131182  72.768043  3.427
 88     0.612 55306.16013272 10.83 121.124698  72.775129  3.163
 88     0.430 55306.16013336  9.97 121.118888  72.772259  3.163
 89     4.904 55341.16013236 45.15 121.142286  72.772554  9.372
 89     4.528 55341.16013301 44.68 121.136466  72.769684  9.372
 89     1.497 55341.16013365 46.47 121.130656  72.766814  9.372
 90     7.891 55376.16012539 26.92 121.136002  72.773728  7.019
 90     7.162 55376.16012603 22.86 121.130182  72.770858  7.019
 90     0.905 55376.16012668 19.98 121.124372  72.767988  7.019
 92     2.126 55446.16014101 26.30 121.137055  72.772485  8.255
 92     0.721 55446.16014165 25.69 121.131245  72.769615  8.255
 93    -0.402 55481.16007403 30.11 121.118367  72.774989  6.677
 93    -0.153 55481.16007467 29.81 121.112557  72.772119  6.677
