 -84840.258    -1.000     0.00    0.00
 -84465.417    -1.000     0.00    0.00
 -84090.679    -1.000     0.00    0.00
 -83716.044    -1.000     0.00    0.00
 -83341.513    -1.000     0.00    0.00
 -82967.084    -1.000     0.00    0.00
 -82592.759    -1.000     0.00    0.00
 -82218.536    -1.000     0.00    0.00
 -81844.415    -1.000     0.00    0.00
 -81470.398    -1.000     0.00    0.00
 -81096.482    -1.000     0.00    0.00
 -80722.670    -1.000     0.00    0.00
 -80348.959    -1.000     0.00    0.00
 -79975.351    -1.000     0.00    0.00
 -79601.845    -1.000     0.00    0.00
 -79228.441    -1.000     0.00    0.00
 -78855.139    -1.000     0.00    0.00
 -78481.940    -1.000     0.00    0.00
 -78108.841    -1.000     0.00    0.00
 -77735.845    -1.000     0.00    0.00
 -77362.950    -1.000     0.00    0.00
 -76990.157    -1.000     0.00    0.00
 -76617.466    -1.000     0.00    0.00
 -76244.876    -1.000     0.00    0.00
 -75872.387    -1.000     0.00    0.00
 -75499.999    -1.000     0.00    0.00
 -75127.713    -1.000     0.00    0.00
 -74755.528    -1.000     0.00    0.00
 -74383.443    -1.000     0.00    0.00
 -74011.460    -1.000     0.00    0.00
 -73639.577    -1.000     0.00    0.00
 -73267.796    -1.000     0.00    0.00
 -72896.115    -1.000     0.00    0.00
 -72524.534    -1.000     0.00    0.00
 -72153.054    -1.000     0.00    0.00
 -71781.674    -1.000     0.00    0.00
 -71410.395    -1.000     0.00    0.00
 -71039.216    -1.000     0.00    0.00
 -70668.137    -1.000     0.00    0.00
 -70297.158    -1.000     0.00    0.00
 -69926.280    -1.000     0.00    0.00
 -69555.501    -1.000     0.00    0.00
 -69184.822    -1.000     0.00    0.00
 -68814.243    -1.000     0.00    0.00
 -68443.763    -1.000     0.00    0.00
 -68073.383    -1.000     0.00    0.00
 -67703.103    -1.000     0.00    0.00
 -67332.922    -1.000     0.00    0.00
 -66962.840    -1.000     0.00    0.00
 -66592.858    -1.000     0.00    0.00
 -66222.975    -1.000     0.00    0.00
 -65853.191    -1.000     0.00    0.00
 -65483.506    -1.000     0.00    0.00
 -65113.920    -1.000     0.00    0.00
 -64744.432    -1.000     0.00    0.00
 -64375.044    -1.000     0.00    0.00
 -64005.754    -1.000     0.00    0.00
 -63636.563    -1.000     0.00    0.00
 -63267.471    -1.000     0.00    0.00
 -62898.477    -1.000     0.00    0.00
 -62529.581    -1.000     0.00    0.00
 -62160.784    -1.000     0.00    0.00
 -61792.084    -1.000     0.00    0.00
 -61423.484    -1.000     0.00    0.00
 -61054.981    -1.000     0.00    0.00
 -60686.576    -1.000     0.00    0.00
 -60318.269    -1.000     0.00    0.00
 -59950.060    -1.000     0.00    0.00
 -59581.948    -1.000     0.00    0.00
 -59213.934    -1.000     0.00    0.00
 -58846.018    -1.000     0.00    0.00
 -58478.200    -1.000     0.00    0.00
 -58110.478    -1.000     0.00    0.00
 -57742.855    -1.000     0.00    0.00
 -57375.328    -1.000     0.00    0.00
 -57007.899    -1.000     0.00    0.00
 -56640.567    -1.000     0.00    0.00
 -56273.331    -1.000     0.00    0.00
 -55906.193    -1.000     0.00    0.00
 -55539.152    -1.000     0.00    0.00
 -55172.207    -1.000     0.00    0.00
 -54805.360    -1.000     0.00    0.00
 -54438.608    -1.000     0.00    0.00
 -54071.954    -1.000     0.00    0.00
 -53705.396    -1.000     0.00    0.00
 -53338.934    -1.000     0.00    0.00
 -52972.569    -1.000     0.00    0.00
 -52606.300    -1.000     0.00    0.00
 -52240.127    -1.000     0.00    0.00
 -51874.051    -1.000     0.00    0.00
 -51508.070    -1.000     0.00    0.00
 -51142.185    -1.000     0.00    0.00
 -50776.396    -1.000     0.00    0.00
 -50410.703    -1.000     0.00    0.00
 -50045.106    -1.000     0.00    0.00
 -49679.604    -1.000     0.00    0.00
 -49314.198    -1.000     0.00    0.00
 -48948.888    -1.000     0.00    0.00
 -48583.673    -1.000     0.00    0.00
 -48218.553    -1.000     0.00    0.00
 -47853.529    -1.000     0.00    0.00
 -47488.599    -1.000     0.00    0.00
 -47123.765    -1.000     0.00    0.00
 -46759.026    -1.000     0.00    0.00
 -46394.382    -1.000     0.00    0.00
 -46029.833    -1.000     0.00    0.00
 -45665.378    -1.000     0.00    0.00
 -45301.018    -1.000     0.00    0.00
 -44936.753    -1.000     0.00    0.00
 -44572.583    -1.000     0.00    0.00
 -44208.507    -1.000     0.00    0.00
 -43844.526    -1.000     0.00    0.00
 -43480.639    -1.000     0.00    0.00
 -43116.846    -1.000     0.00    0.00
 -42753.147    -1.000     0.00    0.00
 -42389.543    -1.000     0.00    0.00
 -42026.032    -1.000     0.00    0.00
 -41662.616    -1.000     0.00    0.00
 -41299.294    -1.000     0.00    0.00
 -40936.065    -1.000     0.00    0.00
 -40572.930    -1.000     0.00    0.00
 -40209.889    -1.000     0.00    0.00
 -39831.073    -1.000     0.00    0.00
 -39448.029    -1.000     0.00    0.00
 -39065.092    -1.000     0.00    0.00
 -38682.264    -1.000     0.00    0.00
 -38299.544    -1.000     0.00    0.00
 -37916.932    -1.000     0.00    0.00
 -37534.428    -1.000     0.00    0.00
 -37152.032    -1.000     0.00    0.00
 -36769.744    -1.000     0.00    0.00
 -36387.563    -1.000     0.00    0.00
 -36005.489    -1.000     0.00    0.00
 -35623.524    -1.000     0.00    0.00
 -35241.665    -1.000     0.00    0.00
 -34859.914    -1.000     0.00    0.00
 -34478.270    -1.000     0.00    0.00
 -34096.734    -1.000     0.00    0.00
 -33715.304    -1.000     0.00    0.00
 -33333.981    -1.000     0.00    0.00
 -32952.765    -1.000     0.00    0.00
 -32571.656    -1.000     0.00    0.00
 -32190.653    -1.000     0.00    0.00
 -31809.757    -1.000     0.00    0.00
 -31428.968    -1.000     0.00    0.00
 -31048.284    -1.000     0.00    0.00
 -30667.708    -1.000     0.00    0.00
 -30287.237    -1.000     0.00    0.00
 -29906.872    -1.000     0.00    0.00
 -29526.614    -1.000     0.00    0.00
 -29146.461    -1.000     0.00    0.00
 -28766.415    -1.000     0.00    0.00
 -28386.474    -1.000     0.00    0.00
 -28006.639    -1.000     0.00    0.00
 -27626.909    -1.000     0.00    0.00
 -27247.285    -1.000     0.00    0.00
 -26867.766    -1.000     0.00    0.00
 -26488.353    -1.000     0.00    0.00
 -26109.045    -1.000     0.00    0.00
 -25729.842    -1.000     0.00    0.00
 -25350.744    -1.000     0.00    0.00
 -24971.751    -1.000     0.00    0.00
 -24592.862    -1.000     0.00    0.00
 -24214.079    -1.000     0.00    0.00
 -23835.401    -1.000     0.00    0.00
 -23456.827    -1.000     0.00    0.00
 -23078.357    -1.000     0.00    0.00
 -22699.992    -1.000     0.00    0.00
 -22321.732    -1.000     0.00    0.00
 -21943.575    -1.000     0.00    0.00
 -21565.523    -1.000     0.00    0.00
 -21187.575    -1.000     0.00    0.00
 -20809.731    -1.000     0.00    0.00
 -20431.991    -1.000     0.00    0.00
 -20054.355    -1.000     0.00    0.00
 -19676.822    -1.000     0.00    0.00
 -19299.394    -1.000     0.00    0.00
 -18922.068    -1.000     0.00    0.00
 -18544.847    -1.000     0.00    0.00
 -18167.728    -1.000     0.00    0.00
 -17790.713    -1.000     0.00    0.00
 -17413.802    -1.000     0.00    0.00
 -17036.993    -1.000     0.00    0.00
 -16660.288    -1.000     0.00    0.00
 -16283.685    -1.000     0.00    0.00
 -15907.186    -1.000     0.00    0.00
 -15530.789    -1.000     0.00    0.00
 -15154.495    -1.000     0.00    0.00
 -14778.303    -1.000     0.00    0.00
 -14402.215    -1.000     0.00    0.00
 -14026.228    -1.000     0.00    0.00
 -13650.344    -1.000     0.00    0.00
 -13274.563    -1.000     0.00    0.00
 -12898.883    -1.000     0.00    0.00
 -12523.306    -1.000     0.00    0.00
 -12147.831    -1.000     0.00    0.00
 -11772.458    -1.000     0.00    0.00
 -11397.186    -0.480     1.38    2.36
 -11022.017     4.141    12.32    9.12
 -10646.949    15.550    30.42   20.71
 -10271.983    31.008    41.23   23.82
  -9897.118    37.318    16.83   19.68
  -9522.355    37.328     0.03   16.07
  -9147.694    32.800   -12.09   11.67
  -8773.133    30.364    -6.50    9.29
  -8398.674    34.736    11.67   10.69
  -8024.316    42.891    21.78   13.19
  -7650.059    48.853    15.93   16.02
  -7275.903    56.366    20.08   15.59
  -6901.848    57.953     4.24   13.98
  -6527.894    53.476   -11.97   15.23
  -6154.041    44.816   -23.16   14.44
  -5780.288    39.271   -14.84    9.35
  -5406.636    39.952     1.82   10.45
  -5033.084    52.172    32.71   21.14
  -4659.633    64.946    34.20   22.65
  -4286.282    76.529    31.03   16.07
  -3913.031    81.008    12.00   11.98
  -3539.880    77.236   -10.11   12.59
  -3166.830    66.944   -27.59   14.11
  -2793.879    59.754   -19.28   12.96
  -2421.029    52.129   -20.45   12.64
  -2048.278    40.778   -30.45   20.15
  -1675.627    27.426   -35.83   24.52
  -1303.076    10.025   -46.71   14.76
   -930.624     2.211   -20.98    5.22
   -558.272     0.039    -5.83    0.26
   -186.019     0.000    -0.10    0.00
    186.134     0.217     0.58    1.08
    558.188     1.104     2.38    2.09
    930.143     4.460     9.02    6.63
   1301.999     6.617     5.80    7.83
   1673.756     8.380     4.74    7.56
   2045.414    10.543     5.82    9.70
   2416.973    13.203     7.16   14.10
   2788.433    17.650    11.97   17.71
   3159.794    25.953    22.36   23.37
   3531.057    29.389     9.25   24.40
   3902.221    37.960    23.09   29.20
   4273.287    55.134    46.28   41.20
   4644.254    80.256    67.72   50.83
   5015.123   105.062    66.89   43.16
   5385.894   113.833    23.66   34.23
   5756.566   108.000   -15.74   39.44
   6127.141    80.195   -75.03   36.03
   6497.617    59.922   -54.72   26.05
   6867.995    46.521   -36.18   13.73
   7238.276    46.394    -0.34   10.87
   7608.459    46.968     1.55    9.37
   7978.544    49.144     5.88    8.95
   8348.532    49.312     0.46   10.10
   8718.422    49.912     1.62   10.62
   9088.214    52.576     7.20    9.73
   9457.909    55.938     9.10    8.73
   9827.507    59.276     9.03   11.35
  10197.008    59.740     1.26   12.76
  10566.411    60.062     0.87   13.71
  10935.718    63.375     8.97   15.92
  11304.927    68.504    13.89   17.22
  11674.040    71.609     8.41   16.24
  12043.055    72.361     2.04   14.33
  12411.974    60.040   -33.40   16.67
  12780.796    48.496   -31.30   15.14
  13149.522    38.137   -28.09   11.18
  13518.151    32.492   -15.31    7.41
  13886.683    31.468    -2.78    7.97
  14255.120    36.832    14.56   15.71
  14623.460    44.597    21.08   17.94
  14991.703    49.774    14.06   15.76
  15359.851    51.323     4.21   11.41
  15727.902    50.236    -2.95    7.55
  16095.857    47.149    -8.39    4.49
  16463.717    43.480    -9.97    8.11
  16831.480    39.727   -10.21    8.68
  17199.148    35.419   -11.72    8.36
  17566.720    34.906    -1.40   10.72
  17934.197    37.072     5.90   13.99
  18301.578    44.083    19.08   19.06
  18668.863    48.992    13.37   21.06
  19036.053    50.850     5.06   19.92
  19403.148    52.082     3.35   16.45
  19770.148    52.326     0.66   14.48
  20137.052    53.524     3.27   13.83
  20503.861    52.025    -4.09   14.45
  20870.575    53.391     3.73   14.53
  21237.194    53.252    -0.38   13.74
  21603.719    51.976    -3.48   13.29
  21970.148    53.086     3.03   13.91
  22336.483    52.232    -2.33   14.50
  22702.723    52.677     1.22   14.60
  23068.869    53.125     1.22   13.69
  23434.920    56.033     7.94   13.69
  23800.877    59.912    10.60   12.83
  24166.739    61.672     4.81   12.66
  24532.507    61.750     0.21   12.70
  24898.181    61.976     0.62   12.39
  25263.760    62.595     1.69   12.39
  25629.246    63.886     3.53   11.44
  25994.638    64.408     1.43    9.58
  26359.935    65.220     2.22    9.62
  26725.139    67.884     7.29    8.31
  27090.249    69.758     5.13    6.18
  27455.266    69.937     0.49    5.15
  27820.188    69.254    -1.87    3.20
  28185.017    70.157     2.48    3.30
  28549.753    71.706     4.25    4.68
  28914.395    73.580     5.14    7.66
  29278.944    80.031    17.70   15.12
  29643.400    86.180    16.87   17.34
  30007.763    93.227    19.34   15.34
  30372.032    95.183     5.37   11.26
  30736.208    96.575     3.82    7.14
  31100.292    97.275     1.92    3.38
  31464.282    97.288     0.04    4.19
  31828.180    96.397    -2.45    5.13
  32191.985    95.853    -1.49    6.04
  32555.697    96.770     2.52    9.60
  32919.317    98.276     4.14   13.47
  33282.844   100.033     4.84   18.04
  33646.278   103.310     9.01   19.53
  34009.621   106.811     9.64   18.75
  34372.870   112.283    15.06   14.17
  34743.951   112.630     0.93   13.19
  35126.860   109.764    -7.49   16.21
  35509.663   105.184   -11.96   19.44
  35892.359    98.849   -16.55   21.44
  36274.950    89.941   -23.28   20.91
  36657.435    84.638   -13.86   20.32
  37039.813    81.163    -9.09   20.69
  37422.087    77.704    -9.05   22.70
  37804.254    75.094    -6.83   23.99
  38186.316    70.894   -10.99   23.40
  38568.273    67.693    -8.38   22.00
  38950.124    59.192   -22.26   18.89
  39331.870    48.232   -28.71   17.90
  39713.511    36.895   -29.70   13.41
  40095.047    30.296   -17.30    8.62
  40476.477    31.079     2.05    9.32
  40857.803    37.385    16.54   10.68
  41239.024    44.102    17.62   11.12
  41620.140    50.642    17.16   11.46
  42001.152    60.032    24.64   13.09
  42382.059    68.137    21.28   11.48
  42762.861    76.358    21.59    9.38
  43143.559    81.874    14.49    9.79
  43524.153    86.303    11.64    9.28
  43904.642    90.732    11.64    9.63
  44285.027    96.283    14.59    7.91
  44665.308    99.762     9.15    6.84
  45045.486   102.137     6.25    6.53
  45425.559   104.552     6.35    6.54
  45805.528   105.857     3.43    6.66
  46185.394   105.784    -0.19    7.04
  46565.156   103.150    -6.94    9.04
  46944.815    99.355    -9.99    9.49
  47324.370    94.865   -11.83   10.33
  47703.822    93.672    -3.14   10.63
  48083.170    94.935     3.33    9.83
  48462.415    96.595     4.38    8.95
  48841.557    98.700     5.55    8.40
  49220.596    99.304     1.59    8.70
  49599.532    99.472     0.44    9.12
  49978.365    99.442    -0.08    9.03
  50357.095    99.543     0.27    9.16
  50735.723    98.336    -3.19    9.24
  51114.248    94.722    -9.55   10.82
  51492.670    91.750    -7.85   11.12
  51870.990    88.160    -9.49   11.55
  52249.208    86.667    -3.95   12.00
  52627.323    84.629    -5.39   11.15
  53005.336    78.866   -15.25   12.40
  53383.247    73.016   -15.48   11.32
  53761.056    66.800   -16.45    7.63
  54138.762    63.395    -9.01    5.55
  54516.367    60.636    -7.31    6.26
  54893.870    55.984   -12.32    7.99
  55271.272    50.290   -15.09    8.16
  55648.572    44.423   -15.55    7.15
  56025.770    39.776   -12.32    5.25
  56402.867    37.165    -6.92    2.84
  56779.862    37.262     0.26    3.43
  57156.756    38.487     3.25    3.79
  57533.549    39.435     2.52    3.44
  57910.240    39.680     0.65    2.59
  58286.831    39.395    -0.76    2.15
  58663.320    39.816     1.12    5.02
  59039.709    39.732    -0.22    8.36
  59415.997    36.928    -7.45   10.49
  59792.184    32.905   -10.69   10.95
  60168.270    27.236   -15.07    8.40
  60544.256    24.536    -7.18    6.00
  60920.142    25.942     3.74    7.75
  61295.927    32.298    16.92   11.36
  61671.611    37.177    12.99   10.67
  62047.195    34.390    -7.42   16.48
  62422.680    28.112   -16.72   18.80
  62798.064    22.174   -15.82   16.05
  63173.348    17.349   -12.85   12.35
  63548.532    16.718    -1.68   10.32
  63923.616    19.067     6.26    9.12
  64298.600    22.806     9.97    5.77
  64673.485    23.742     2.50    5.81
  65048.270    22.276    -3.91    7.96
  65422.956    21.088    -3.17    8.30
  65797.542    20.773    -0.84    8.84
  66172.028    19.913    -2.30    7.80
  66546.416    21.091     3.15    7.51
  66920.704    22.504     3.78    8.86
  67294.893    23.848     3.59    9.67
  67668.983    26.052     5.89    9.24
  68042.974    27.624     4.20    7.56
  68416.866    28.298     1.80    7.27
  68790.659    24.727    -9.55   11.84
  69164.354    22.183    -6.81   12.97
  69537.950    20.241    -5.20   13.11
  69911.447    21.992     4.69   14.30
  70284.845    22.352     0.97   16.23
  70658.146    22.008    -0.92   17.24
  71031.348    23.919     5.12   18.06
  71404.451    26.098     5.84   16.89
  71777.456    28.262     5.80   12.71
  72150.364    28.355     0.25   13.17
  72523.173    26.739    -4.33   13.67
  72895.884    24.056    -7.20   10.44
  73268.498    22.139    -5.14    8.52
  73641.013    22.927     2.12    9.62
  74013.431    24.584     4.45   10.49
  74385.751    26.635     5.51   10.19
  74757.973    29.202     6.90    9.40
  75130.098    30.706     4.04    8.67
  75502.126    32.000     3.48    8.58
  75874.056    33.400     3.76    8.14
  76245.889    35.017     4.35    7.66
  76617.625    36.553     4.13    7.85
  76989.264    36.440    -0.30    7.53
  77360.805    35.845    -1.60    6.70
  77732.250    36.672     2.23    5.34
  78103.597    38.508     4.94    5.32
  78474.848    39.238     1.96    5.19
  78846.002    40.637     3.77    3.68
  79217.060    40.483    -0.42    3.21
  79588.021    39.452    -2.78    3.00
  79958.885    39.452     0.00    2.62
  80329.653    39.581     0.35    1.81
  80700.324    39.911     0.89    1.49
  81070.899    39.885    -0.07    1.74
  81441.378    38.901    -2.66    2.30
  81811.761    37.960    -2.54    2.79
  82182.048    35.783    -5.88    2.93
  82552.239    34.806    -2.64    2.09
  82922.334    34.935     0.35    2.38
  83292.333    36.009     2.90    2.96
  83662.236    35.552    -1.23    4.59
  84032.044    34.911    -1.73    5.22
  84401.755    33.567    -3.63    5.92
  84771.372    33.000    -1.53    6.23
  85140.893    34.793     4.85    6.86
  85510.318    34.746    -0.13    8.35
  85879.648    34.306    -1.19    8.23
  86248.883    33.190    -3.02    7.95
  86618.023    33.560     1.00    8.91
  86987.068    34.081     1.41    8.91
  87356.018    32.333    -4.74    9.84
  87724.872    31.600    -1.99    9.28
  88093.632    30.723    -2.38    8.49
  88462.297    32.582     5.04   11.04
  88830.867    35.659     8.35   12.68
  89199.343    39.595    10.68   12.71
  89567.724    41.041     3.92   13.35
  89936.011    41.836     2.16   12.98
  90304.203    43.950     5.74   11.51
  90672.300    46.296     6.37   10.28
  91040.304    47.975     4.56    7.88
  91408.213    49.238     3.43    3.95
  91776.028    48.560    -1.84    3.01
  92143.749    46.274    -6.22    3.04
  92511.376    44.740    -4.17    2.87
  92878.909    44.276    -1.26    3.37
  93246.348    44.105    -0.47    3.91
  93613.694    44.407     0.82    3.85
  93980.945    43.516    -2.42    4.34
  94348.103    41.723    -4.88    3.92
  94715.168    40.976    -2.03    4.49
  95082.139    40.041    -2.55    6.50
  95449.016    41.574     4.18    9.04
  95815.801    42.290     1.95    9.89
  96182.491    41.100    -3.25   10.68
  96549.089    40.705    -1.08   10.02
  96915.594    40.813     0.29   10.14
  97282.005    41.667     2.33   10.28
  97648.324    42.893     3.35   10.68
  98014.549    43.967     2.93   11.29
  98380.682    44.009     0.11   12.12
  98746.722    45.185     3.21   12.90
  99112.669    47.402     6.06   14.56
  99478.524    48.958     4.25   15.66
  99844.286    51.712     7.53   14.71
 100209.955    53.000     3.52   14.11
 100575.532    53.694     1.90   12.71
 100941.017    54.484     2.16   11.00
 101306.409    56.254     4.84    9.61
 101671.710    58.455     6.02    9.10
 102036.918    60.496     5.59   10.22
 102402.034    63.219     7.46   10.95
 102767.058    65.336     5.80   10.68
 103131.990    68.285     8.08    9.08
 103496.830    69.871     4.35    6.46
 103861.578    70.968     3.01    5.62
 104226.235    72.382     3.88    5.88
 104590.800    73.803     3.90    6.46
 104955.273    77.276     9.53    5.17
 105319.655    80.623     9.18    6.54
 105683.945    84.305    10.11    7.96
 106048.144    86.161     5.10    8.41
 106412.252    87.175     2.78    8.90
 106776.268    87.708     1.47    8.90
 107140.194    88.566     2.36   10.09
 107504.028    90.127     4.29   12.39
 107867.771    89.455    -1.85   13.37
 108231.423    89.274    -0.50   12.73
 108594.985    88.390    -2.43   11.09
 108958.455    86.115    -6.26   10.55
 109322.317    83.195    -8.02   12.00
 109705.076    76.667   -17.06   11.69
 110087.731    68.366   -21.69   12.40
 110470.282    62.339   -15.75    9.61
 110852.730    59.089    -8.50    7.50
 111235.073    57.090    -5.23    6.38
 111617.314    55.525    -4.10    4.79
 111999.451    54.325    -3.14    5.65
 112381.484    51.642    -7.02    6.70
 112763.414    48.065    -9.36    7.61
 113145.241    45.737    -6.10    5.60
 113526.964    42.952    -7.30    4.70
 113908.585    40.392    -6.71    5.47
 114290.103    38.131    -5.92    5.70
 114671.517    37.760    -0.97    5.32
 115052.829    40.058     6.03    6.25
 115434.038    43.138     8.08    5.17
 115815.145    44.702     4.10    2.73
 116196.149    45.516     2.14    3.53
 116577.050    46.419     2.37    3.94
 116957.849    46.484     0.17    3.60
 117338.546    47.017     1.40    3.25
 117719.140    46.143    -2.30    3.09
 118099.633    46.811     1.76    3.91
 118480.023    48.581     4.65    4.63
 118860.311    50.451     4.92    4.26
 119240.497    52.974     6.64    3.60
 119620.582    55.081     5.54    3.36
 120000.564    56.364     3.37    2.76
 120380.445    58.975     6.87    3.53
 120760.225    61.803     7.45    4.09
 121139.903    63.155     3.56    3.66
 121519.479    62.574    -1.53    4.06
 121898.954    60.539    -5.36    4.79
 122278.328    58.787    -4.62    3.05
 122657.601    59.558     2.03    3.65
 123036.772    60.842     3.38    4.12
 123415.843    63.642     7.39    5.12
 123794.812    65.078     3.79    5.59
 124173.681    66.967     4.99    5.78
 124552.449    69.690     7.19    4.04
 124931.116    70.418     1.92    3.50
 125309.683    70.358    -0.16    3.40
 125688.149    68.425    -5.11    4.11
 126066.514    66.008    -6.39    4.21
 126444.779    64.026    -5.24    4.08
 126822.944    62.557    -3.88    5.04
 127201.009    61.568    -2.62    5.47
 127578.973    63.364     4.75    6.62
 127956.838    66.042     7.09    7.90
 128334.602    71.525    14.51    9.03
 128712.266    76.691    13.68    6.18
 129089.831    80.423     9.88    3.45
 129467.296    83.049     6.95    3.86
 129844.661    84.692     4.35    4.53
 130221.927    88.108     9.06    4.60
 130599.093    91.254     8.34    4.13
 130976.160    93.308     5.45    3.57
 131353.127    94.877     4.16    2.89
 131729.995    95.263     1.02    3.59
 132106.764    95.402     0.37    4.36
 132483.433    95.325    -0.20    4.26
 132860.004    94.378    -2.51    4.45
 133236.475    91.967    -6.40    5.99
 133612.848    89.591    -6.31    6.81
 133989.122    89.686     0.25    7.05
 134365.297    91.467     4.73    8.01
 134741.374    93.092     4.32    9.93
 135117.352    94.975     5.01   11.25
 135493.231    96.450     3.92   11.72
 135869.012   100.106     9.73   10.79
 136244.695   101.933     4.86    7.25
 136620.279   102.289     0.95    6.38
 136995.765   105.180     7.70    7.89
 137371.153   109.280    10.92   10.01
 137746.443   116.262    18.60   11.56
 138121.635   123.259    18.65    7.26
 138496.729   125.926     7.11    3.74
 138871.726   126.347     1.12    3.04
 139246.624   125.449    -2.40    2.97
 139621.425   122.868    -6.89    5.56
 139996.128   116.807   -16.17   10.17
 140370.734   110.417   -17.06   10.79
 140745.243   108.311    -5.62    8.79
 141119.654   111.202     7.72   10.59
 141493.967   118.066    18.34   11.04
 141868.184   123.719    15.11    9.68
 142242.303   127.884    11.13    8.23
 142616.325   127.831    -0.14    9.26
 142990.251   125.210    -7.01    8.52
 143364.079   122.008    -8.56    7.08
 143737.811   115.728   -16.80    9.60
 144111.445   106.711   -24.13   17.16
 144484.984    99.773   -18.57   15.60
 144858.425    96.267    -9.39   12.99
 145231.770    98.625     6.32   13.04
 145605.019   103.553    13.20    9.57
 145978.171   103.246    -0.82    8.98
 146351.227    95.975   -19.49   13.32
 146724.186    87.798   -21.92   13.93
 147097.050    82.661   -13.78   10.30
 147469.817    82.421    -0.64    9.27
 147842.488    86.306    10.42    9.56
 148215.064    87.395     2.92   10.09
 148587.543    86.432    -2.58   10.46
 148959.927    84.182    -6.04    8.54
 149332.215    83.281    -2.42    5.26
 149704.407    84.884     4.31    4.54
 150076.504    83.881    -2.70    5.78
 150448.505    82.882    -2.69    7.66
 150820.411    82.157    -1.95    8.22
 151192.222    83.018     2.31    7.57
 151563.937    84.325     3.52    7.37
 151935.557    82.669    -4.45    7.94
 152307.082    79.559    -8.37    7.72
 152678.512    78.133    -3.84    5.94
 153049.847    77.781    -0.95    4.18
 153421.087    78.083     0.81    3.42
 153792.232    78.542     1.24    2.67
 154163.282    77.147    -3.76    1.63
 154534.238    76.645    -1.35    1.45
 154905.099    75.886    -2.05    1.68
 155275.865    75.319    -1.53    1.70
 155646.537    75.281    -0.10    2.44
 156017.115    75.172    -0.29    3.24
 156387.598    76.450     3.45    4.40
 156757.987    76.669     0.59    6.29
 157128.282    75.454    -3.28    7.71
 157498.483    74.156    -3.51    7.59
 157868.589    74.355     0.54    8.04
 158238.602    77.017     7.19    9.24
 158608.521    81.176    11.24    9.33
 158978.346    85.496    11.68    5.90
 159348.077    84.258    -3.35    6.54
 159717.714    79.761   -12.17    8.57
 160087.258    74.967   -12.97    7.74
 160456.708    72.117    -7.71    5.24
 160826.065    70.586    -4.14    3.01
 161195.329    69.500    -2.94    3.57
 161564.499    68.863    -1.72    3.65
 161933.576    68.558    -0.83    3.72
 162302.559    68.513    -0.12    3.72
 162671.450    69.482     2.63    3.59
 163040.247    69.008    -1.28    3.74
 163408.952    69.084     0.21    3.62
 163777.563    72.417     9.04    6.88
 164146.082    77.492    13.77    9.34
 164514.508    84.802    19.84    8.90
 164882.841    89.275    12.14    6.37
 165251.082    92.898     9.84    5.91
 165619.230    96.402     9.52    5.12
 165987.286    97.967     4.25    4.24
 166355.249    99.042     2.92    4.31
 166723.120    99.103     0.16    5.14
 167090.898    98.769    -0.91    7.93
 167458.584    98.364    -1.10    9.58
 167826.179    95.110    -8.85   11.29
 168193.681    90.109   -13.61   14.13
 168561.091    82.914   -19.58   14.39
 168928.409    73.874   -24.61   10.86
 169295.635    70.176   -10.07    9.50
 169662.770    69.769    -1.11   10.62
 170029.813    72.091     6.32   10.78
 170396.764    72.911     2.23    9.40
 170763.623    72.533    -1.03    7.38
 171130.391    71.017    -4.13    5.75
 171497.068    68.628    -6.51    4.16
 171863.653    69.711     2.95    5.52
 172230.147    72.641     7.99    5.84
 172596.549    74.025     3.78    5.71
 172962.861    72.723    -3.56    6.08
 173329.081    71.353    -3.74    5.78
 173695.210    69.400    -5.33    4.08
 174061.249    69.864     1.27    4.49
 174427.196    71.496     4.46    4.86
 174793.053    73.220     4.71    4.60
 175158.818    73.847     1.71    4.13
 175524.494    73.447    -1.09    4.01
 175890.078    72.195    -3.43    3.25
 176255.572    72.708     1.40    3.95
 176620.975    76.974    11.67    6.31
 176986.288    81.342    11.96    7.83
 177351.511    88.681    20.09   10.54
 177716.643    96.372    21.06   11.32
 178081.685   102.671    17.25   11.17
