# NaN NaN NaN ;Mean Elev.(m), Avg Gradient(m/km), RMS Gradient(m/km) - SRTM1     
#    8.415  -0.708  16.934 ;Mean Elev.(m), Avg Gradient(m/km), RMS Gradient(m/km) - ASTER GDEM
#   11.332  -0.780  13.906 ;Mean Elev.(m), Avg Gradient(m/km), RMS Gradient(m/km) - GMTED2010 
  8 123.645461  71.922620     0.981     0.922  3 52484.49756169 37.751
  9 123.654746  71.923356    12.920    17.682  3 52519.49752359 24.117
 11 123.645170  71.922162    23.060    23.293  3 52589.49755989 18.663
 12 123.656553  71.924390    24.926    24.926  2 52624.49749993 13.940
 15 123.645898  71.921945    25.680    25.831  3 52729.49754200  7.102
 16 123.652587  71.923475    24.111    23.864  3 52764.49755333  8.740
 19 123.644229  71.920630     1.957     1.869  3 52869.49764726 51.731
 20 123.649147  71.921285     2.723     2.908  3 52904.49765405 50.026
 21 123.661387  71.926327    16.598    17.006  3 52939.49758896 20.480
 23 123.644427  71.919466    23.335    23.362  3 53009.49763556 12.207
 25 123.643860  71.921203    22.920    23.117  3 53079.49762973  9.660
 27 123.634065  71.921809    15.754    15.754  2 53149.49764675 26.907
 28 123.648385  71.920258    23.500    23.662  3 53184.49763976 18.664
 29 123.649753  71.920169     1.255     1.305  3 53219.49766486 33.782
 30 123.655203  71.922974     1.019     0.917  3 53254.49764234 45.067
 32 123.647787  71.922767    18.232    17.447  3 53324.49762434 20.652
 33 123.655842  71.924655    23.397    23.397  2 53359.49758584 17.446
 35 123.655215  71.923645    23.861    23.861  2 53429.49759668 12.921
 37 123.632858  71.921939    37.672    37.672  2 53499.49768643  0.877
 38 123.649852  71.921953    13.481     7.305  3 53534.49767157 45.247
 39 123.641990  71.921603     1.307     1.378  3 53569.49768533 40.334
 40 123.654275  71.926776     2.851     2.851  2 53604.49763254 47.775
 42 123.638100  71.919540    20.402    21.558  3 53674.49765072 18.259
 43 123.658521  71.925284    24.911    24.959  3 53709.49758170 13.842
 44 123.666337  71.926893    25.916    25.968  3 53744.49749157 11.383
 45 123.648531  71.920104    24.023    23.895  3 53779.49752073 10.967
 46 123.663465  71.926983    26.108    26.108  2 53814.49749350 10.897
 48 123.643510  71.922315     0.676     0.713  3 53884.49756854 29.950
 49 123.637020  71.919595    18.631    18.993  3 53919.49763461 22.523
 50 123.638579  71.920508    18.547    18.659  3 53954.49763501 21.900
 51 123.661889  71.926183     8.325     8.325  2 53989.49755636 19.171
 53 123.645976  71.922637    22.602    22.553  3 54059.49761014 15.770
 54 123.656675  71.924152    24.733    24.683  3 54094.49758735 12.232
 56 123.649346  71.921452    23.695    23.535  3 54164.49755781 11.946
 58 123.640982  71.919704     5.978     0.914  3 54234.49757199 31.508
 59 123.644270  71.922263     4.140     4.022  3 54269.49759203 48.657
 60 123.646370  71.919785     1.976     2.051  3 54304.49759471 31.172
 61 123.650550  71.922859     2.706     2.599  3 54339.49757893 50.071
 62 123.637091  71.920488     2.931     2.900  3 54374.49752899 30.209
 63 123.645433  71.921391    23.003    23.029  3 54409.49752478 14.687
 65 123.646034  71.920776    23.978    24.145  3 54479.49751497  7.121
 67 123.653127  71.921533    25.331    25.449  3 54549.49752835  6.809
 68 123.642086  71.920573    32.895    35.301  3 54584.49750158  3.880
 69 123.643619  71.920626    21.914    23.471  4 54619.49752126 27.925
 70 123.643299  71.921267     3.525     3.502  3 54654.49753245 41.474
 71 123.648205  71.922811     6.743     1.931  3 54689.49751991 22.528
 73 123.647867  71.920148    10.501    13.992  3 54759.49749558 27.133
 75 123.644369  71.919978    22.500    22.873  3 54829.49749503 11.229
 77 123.649878  71.920757    23.423    23.528  3 54899.49749437 10.129
 78 123.634485  71.920803    22.630    22.693  3 54934.49746286  7.864
 79 123.642261  71.921137    29.869    29.757  3 54969.49749619  7.211
 80 123.643216  71.919950     5.102     5.067  3 55004.49751559 49.978
 81 123.644770  71.921671     0.993     0.963  3 55039.49750320 29.663
 82 123.648968  71.923750     0.291    -0.094  3 55074.49748709 47.982
 84 123.645701  71.921441    -0.024    -0.018  3 55144.49743904 28.522
 86 123.645010  71.922043    23.037    23.105  3 55214.49743378  9.854
 87 123.632443  71.921405    20.304    20.304  2 55249.49740875  8.755
 88 123.649839  71.922045    28.894    29.405  3 55284.49742749  5.557
 89 123.645616  71.920267    36.001    35.826  3 55319.49739913  5.295
 90 123.647396  71.921208    24.199    24.137  3 55354.49740069 22.345
 92 123.644012  71.921997     1.094     1.067  3 55424.49741820 29.732
 93 123.653231  71.923268     2.173     2.173  2 55459.49738817 24.744
