# NaN NaN NaN ;Mean Elev.(m), Avg Gradient(m/km), RMS Gradient(m/km) - SRTM1     
#   20.669     NaN     NaN ;Mean Elev.(m), Avg Gradient(m/km), RMS Gradient(m/km) - ASTER GDEM
#    1.000   1.122  22.155 ;Mean Elev.(m), Avg Gradient(m/km), RMS Gradient(m/km) - GMTED2010 
  6 120.004882  72.923727     5.790     5.581  6 52439.16426306 22.209
  7 120.005355  72.922651    -0.303    -0.230  7 52474.16426210 30.968
  8 120.001535  72.922234    -2.270    -2.646  6 52509.16422690 19.363
  9 120.028938  72.919533    -0.411    -0.513  8 52544.16422328 38.457
 10 120.009014  72.920490    -0.246    -0.182  7 52579.16426459 25.763
 11 119.996982  72.924885    -0.082    -0.083  6 52614.16423080 20.849
 12 120.014231  72.918714     0.031     0.040  7 52649.16421196 21.217
 13 120.006489  72.923074    -0.131    -0.121  6 52684.16419173 20.844
 14 120.010407  72.921151    -0.042    -0.078  6 52719.16424597 20.188
 16 120.031169  72.919851     0.828    -0.034  9 52789.16421738 38.089
 17 120.023092  72.919496     4.608     5.145  7 52824.16428828 27.884
 19 120.007360  72.923499     0.586    -0.108  6 52894.16436553 29.060
 20 119.991635  72.926567     0.024     0.020  6 52929.16431550 29.820
 21 120.031650  72.920370    -0.507    -0.532  9 52964.16430015 23.734
 22 120.005114  72.923367    -0.133    -0.059  6 52999.16433689 18.569
 23 119.992630  72.924957    -0.132    -0.008  6 53034.16428875 17.251
 24 120.014633  72.921657     0.025     0.139  7 53069.16430475 18.594
 25 119.988820  72.926341    -0.171    -0.213  6 53104.16429051 13.940
 26 120.018757  72.919738    -0.077    -0.026  8 53139.16430988 13.853
 28 119.998264  72.919249     3.174     2.593  4 53209.16436622 23.124
 29 120.002801  72.922739     0.506    -0.243  6 53244.16433323 27.873
 30 120.028079  72.920068    -0.435    -0.462  8 53279.16431203 35.148
 31 120.011933  72.921438    -0.224    -0.305  7 53314.16433626 24.791
 32 120.006112  72.922378    -0.221    -0.178  7 53349.16430200 20.136
 33 120.029955  72.921605    -0.411    -0.390  8 53384.16427512 22.392
 34 120.013274  72.920234    -0.300    -0.307  7 53419.16428240 20.511
 35 120.035737  72.919758    -0.458    -0.435  8 53454.16428769 20.221
 36 120.006256  72.922249    -0.183    -0.165  7 53489.16437327 14.918
 37 120.010624  72.920641     1.878     2.111  7 53524.16436027 27.733
 38 120.001012  72.923894     0.509    -0.371  6 53559.16438675 25.712
 39 120.001606  72.923141    -0.326    -0.355  6 53594.16432458 30.142
 40 120.030260  72.920719     1.226     0.210  8 53629.16431646 35.776
 41 120.007826  72.920918    -0.179    -0.204  7 53664.16434124 28.736
 42 120.005029  72.924039    -0.211    -0.182  6 53699.16429933 23.002
 43 119.993791  72.924256    -0.023    -0.036  6 53734.16422191 20.321
 44 120.019334  72.920248    -0.315    -0.335  8 53769.16420540 20.661
 45 119.998499  72.922748    -0.494    -0.498  6 53804.16420148 18.647
 46 120.026693  72.920661    -0.447    -0.495  8 53839.16422035 15.317
 47 120.013415  72.920418    -0.012    -0.028  7 53874.16426719  9.598
 48 120.009669  72.921012     4.312     3.882  7 53909.16431157 18.670
 49 120.000647  72.923655    -0.481    -0.464  6 53944.16433417 33.728
 50 119.995742  72.924867    -0.277    -0.140  6 53979.16428362 28.127
 51 120.033899  72.920160    -0.167    -0.316  9 54014.16429689 32.093
 52 120.014133  72.919511     0.026     0.005  7 54049.16430337 23.341
 54 119.990025  72.927157     0.027     0.037  6 54119.16422392 16.341
 55 120.006965  72.921282    -0.015    -0.007  7 54154.16425128 14.703
 56 119.993418  72.925148    -0.092    -0.204  5 54189.16421964 19.940
 57 120.014256  72.921281    -0.236    -0.187  7 54224.16426149 13.418
 58 120.009891  72.921998    30.219    30.215  6 54259.16428254  2.313
 59 120.010767  72.921863     4.698     4.705  6 54294.16428588 20.482
 60 120.006385  72.923859    -0.149    -0.239  6 54329.16427975 30.767
 61 119.994046  72.926424     1.726     1.850  6 54364.16422619 21.208
 62 120.010504  72.920254    -0.238    -0.268  7 54399.16422088 27.156
 63 119.996964  72.924052    -0.311    -0.323  6 54434.16417840 18.214
 64 120.020208  72.919875    -0.640    -0.644  7 54469.16420363 19.484
 65 119.997807  72.923539     0.023     0.009  6 54504.16419344 15.121
 66 120.007779  72.921260    -0.330    -0.337  7 54539.16421906 15.902
 67 119.995979  72.924261    -0.346    -0.319  6 54574.16419378 13.272
 68 120.010198  72.922301    -0.458    -0.423  6 54609.16421143 22.030
 69 120.006258  72.922347     2.801     2.918  7 54644.16421965 26.925
 70 120.007562  72.922408    -0.352    -0.318  6 54679.16422112 28.433
 71 119.992371  72.924126     1.031     0.713  6 54714.16417309 27.652
 72 120.013121  72.920541     0.280     0.211  6 54749.16419114 50.711
 73 120.004398  72.924238    -0.031    -0.025  6 54784.16416073 22.525
 74 120.015880  72.920887    -0.501    -0.494  7 54819.16418333 17.788
 75 120.002420  72.923191     0.154     0.163  7 54854.16415767 19.517
 76 120.006856  72.922092    -0.008    -0.044  7 54889.16418831 20.508
 77 119.992066  72.926702     0.040    -0.033  6 54924.16415701 13.762
 78 120.013671  72.920626    -0.149    -0.139  6 54959.16418558 15.971
 79 120.004364  72.921476     4.717     4.754  6 54994.16420794 35.295
 80 120.004141  72.921885    -0.253    -0.228  6 55029.16419798 27.728
 81 120.006207  72.922902     1.477     2.091  7 55064.16418913 24.505
 82 119.991354  72.927244    -0.451    -0.430  6 55099.16413376 35.841
 83 120.012101  72.920380     0.297     0.252  7 55134.16413395 29.322
 84 120.000922  72.924093    -0.129    -0.169  6 55169.16409796 16.492
 85 120.014910  72.921660    -0.402    -0.368  7 55204.16412640 17.715
 86 119.994476  72.923419    -0.187    -0.162  6 55239.16410534 14.959
 87 120.006620  72.923377    -0.259    -0.269  6 55274.16412029 14.586
 88 119.996785  72.925779     0.176     0.205  6 55309.16408793  9.084
 90 120.002013  72.923287     1.487     2.036  7 55379.16408333 24.796
 91 120.010969  72.918225     2.395     2.304  5 55414.16410900 18.996
 92 120.004505  72.923961     2.620     2.080  6 55449.16409597 22.313
 93 119.990210  72.926146    -0.570    -0.567  6 55484.16402244 27.707
