# NaN NaN NaN ;Mean Elev.(m), Avg Gradient(m/km), RMS Gradient(m/km) - SRTM1     
#   12.420     NaN     NaN ;Mean Elev.(m), Avg Gradient(m/km), RMS Gradient(m/km) - ASTER GDEM
#    1.000   3.632  16.994 ;Mean Elev.(m), Avg Gradient(m/km), RMS Gradient(m/km) - GMTED2010 
  8     1.165 52490.16224437 27.09 120.632979  72.875002 13.933
  8     4.565 52490.16224502 25.12 120.627109  72.872132 13.933
  8     5.460 52490.16224566 24.29 120.621229  72.869272 13.933
  8     5.987 52490.16224630 26.76 120.615359  72.866402 13.933
  9    72.860 52525.16222376  0.93 120.610218  72.873658  2.095
  9    74.567 52525.16222441  0.37 120.604348  72.870788  2.095
 10     0.004 52560.16227214 38.65 120.635959  72.872513  9.181
 10     0.062 52560.16227278 38.76 120.630079  72.869653  9.181
 10    -0.043 52560.16227343 37.35 120.624209  72.866783  9.181
 10    -0.088 52560.16227407 32.93 120.618329  72.863923  9.181
 11    -0.589 52595.16227910 23.36 120.622332  72.874650  4.734
 11    -0.495 52595.16227975 22.95 120.616462  72.871790  4.734
 11    -0.496 52595.16228039 22.66 120.610582  72.868920  4.734
 11    -0.582 52595.16228104 22.36 120.604702  72.866060  4.734
 12    -0.315 52630.16221168 21.58 120.647650  72.872364  5.740
 12    -0.133 52630.16221232 21.55 120.641770  72.869504  5.740
 12     0.042 52630.16221297 21.27 120.635890  72.866634  5.740
 12     0.220 52630.16221361 21.08 120.630010  72.863774  5.740
 14    -0.363 52700.16221268 19.45 120.658611  72.873574  5.528
 14    -0.058 52700.16221332 20.94 120.652731  72.870714  5.528
 14     0.143 52700.16221397 20.52 120.646851  72.867844  5.528
 15     0.363 52735.16224512 14.98 120.630754  72.875215  4.244
 15     0.363 52735.16224576 15.87 120.624874  72.872345  4.244
 15     0.366 52735.16224641 16.39 120.619004  72.869485  4.244
 15     0.455 52735.16224705 15.50 120.613124  72.866615  4.244
 16     6.253 52770.16223294 11.00 120.611938  72.875707  2.935
 16     4.648 52770.16223358 10.76 120.606058  72.872847  2.935
 16     1.726 52770.16223423 10.41 120.600187  72.869981  5.318
 16     1.386 52770.16223487 10.31 120.594317  72.867111  5.318
 17     6.073 52805.16226914 35.71 120.649690  72.873080 19.883
 17     6.265 52805.16226979 38.18 120.643810  72.870210 19.883
 17     6.210 52805.16227043 33.93 120.637930  72.867350 19.883
 17     7.353 52805.16227107 35.53 120.632050  72.864490 19.883
 19     2.738 52875.16237007 16.43 120.635312  72.872337 14.692
 19     2.056 52875.16237072 19.07 120.629432  72.869467 14.692
 19     1.153 52875.16237136 25.34 120.623552  72.866607 14.692
 19     1.848 52875.16237201 29.74 120.617682  72.863737 14.692
 20     4.443 52910.16234116 20.32 120.623041  72.873814  5.360
 20     2.696 52910.16234181 20.40 120.617170  72.870955  6.045
 20     6.381 52910.16234245 18.28 120.611290  72.868085  6.045
 20     8.627 52910.16234310 21.30 120.605420  72.865225  6.045
 21    -0.465 52945.16228191 18.07 120.663406  72.874377  3.988
 21    -0.323 52945.16228256 18.89 120.657526  72.871507  3.988
 23    -0.362 53015.16232885 11.04 120.616630  72.873614  2.729
 23     0.798 53015.16232949 10.26 120.610760  72.870744  2.729
 23     1.500 53015.16233014 10.44 120.604890  72.867884  2.729
 24     0.035 53050.16230225 10.69 120.648274  72.873278  2.994
 24     0.470 53050.16230290 10.95 120.642384  72.870418  2.994
 24     1.029 53050.16230354 11.36 120.636514  72.867548  2.994
 24     1.540 53050.16230419 10.71 120.630634  72.864688  2.994
 27    19.598 53155.16236314  1.06 120.619587  72.867999  7.460
 27     6.189 53155.16236379  6.48 120.613707  72.865139  7.460
 28     3.279 53190.16235179 21.72 120.639764  72.875010 13.270
 28     3.925 53190.16235243 23.11 120.633884  72.872150 13.270
 28     3.912 53190.16235308 22.59 120.628004  72.869280 13.270
 28     7.311 53190.16235372 21.76 120.622134  72.866420 13.270
 28     8.574 53190.16235437 23.98 120.616264  72.863550 13.270
 29     2.485 53225.16236219 17.67 120.624674  72.873399 10.137
 29     2.344 53225.16236284 18.59 120.618794  72.870529 10.137
 29     4.760 53225.16236348 18.70 120.612924  72.867669 10.137
 29     7.893 53225.16236413 19.77 120.607054  72.864799 10.137
 30    -0.023 53260.16233696 49.15 120.609531  72.874888 18.236
 30     0.034 53260.16233760 47.45 120.603661  72.872018 18.236
 30    -0.097 53260.16233825 33.78 120.597781  72.869158 18.236
 30    -0.007 53260.16233889 41.06 120.591911  72.866288 18.236
 31    -0.278 53295.16236477 33.24 120.635920  72.874469  8.035
 31    -0.323 53295.16236542 36.07 120.630040  72.871609  8.035
 31    -0.291 53295.16236606 35.37 120.624160  72.868749  8.035
 31    -0.267 53295.16236671 32.07 120.618280  72.865879  8.035
 32     0.007 53330.16233804 21.04 120.629698  72.873669  4.246
 32    -0.057 53330.16233869 20.07 120.623818  72.870809  4.246
 32     0.095 53330.16233933 20.23 120.617948  72.867939  4.246
 32     0.083 53330.16233998 18.95 120.612068  72.865079  4.246
 33    -0.153 53365.16228797 23.82 120.615369  72.873333  9.302
 33    -0.106 53365.16228862 25.34 120.609499  72.870473  9.302
 33     0.066 53365.16228926 35.69 120.603629  72.867603  9.302
 35     0.022 53435.16230296 18.28 120.617727  72.873521  6.916
 35     0.214 53435.16230361 18.93 120.611847  72.870651  6.916
 35     0.230 53435.16230425 20.07 120.605977  72.867791  6.916
 38     3.510 53540.16238840 24.89 120.627012  72.874065 15.906
 38     3.046 53540.16238904 21.90 120.621132  72.871205 15.906
 38     7.223 53540.16238969 21.42 120.615262  72.868335 15.906
 38     8.153 53540.16239033 26.42 120.609382  72.865475 15.906
 39     0.360 53575.16238285 23.35 120.618420  72.874895 16.292
 39     0.821 53575.16238349 24.71 120.612550  72.872025 16.292
 39     1.109 53575.16238414 28.73 120.606670  72.869165 16.292
 39     1.362 53575.16238478 32.02 120.600800  72.866295 16.292
 40    71.297 53610.16233385  1.95 120.608319  72.874956  2.242
 40    72.331 53610.16233450  1.19 120.602439  72.872096  2.242
 40    69.367 53610.16233514  1.19 120.596569  72.869226  2.242
 40    68.885 53610.16233579  0.06 120.590699  72.866366  2.242
 41     0.861 53645.16233608 27.77 120.648708  72.873690 12.288
 41     0.677 53645.16233673 24.34 120.642828  72.870820 12.288
 41     0.925 53645.16233737 23.79 120.636948  72.867960 12.288
 41     1.839 53645.16233802 23.46 120.631068  72.865100 12.288
 42    -0.356 53680.16235402 20.85 120.620244  72.874208  3.892
 42    -0.199 53680.16235467 20.49 120.614374  72.871338  3.892
 42    -0.127 53680.16235531 18.88 120.608494  72.868478  3.892
 42    -0.158 53680.16235596 17.89 120.602624  72.865608  3.892
 43    -0.146 53715.16228228 16.61 120.616314  72.873292  3.734
 43     0.048 53715.16228292 15.22 120.610444  72.870432  3.734
 43    -0.059 53715.16228357 15.88 120.604574  72.867562  3.734
 44    -0.064 53750.16219719 13.45 120.660732  72.874493  4.209
 44     0.024 53750.16219783 13.84 120.654852  72.871623  4.209
 44     0.156 53750.16219848 15.01 120.648972  72.868763  4.209
 44     1.122 53750.16219912 13.18 120.643092  72.865893  4.209
 45    -0.087 53785.16222843 12.62 120.630364  72.874715  3.977
 45     0.125 53785.16222908 12.57 120.624494  72.871845  3.977
 45     0.140 53785.16222972 13.11 120.618614  72.868985  3.977
 45     0.369 53785.16223037 13.34 120.612744  72.866115  3.977
 46    -0.124 53820.16218883 11.78 120.600013  72.871658  3.743
 46    -0.036 53820.16218947 11.94 120.594133  72.868798  3.743
 47    -0.156 53855.16227088  9.47 120.639667  72.875022  2.971
 47    -0.029 53855.16227152  9.71 120.633787  72.872162  2.971
 47     0.196 53855.16227217  8.96 120.627907  72.869302  2.971
 47     0.399 53855.16227281  9.38 120.622029  72.866431  2.797
 47     0.337 53855.16227346  8.30 120.616149  72.863571  2.797
 48     1.532 53890.16228121 25.91 120.639897  72.873401 18.465
 48     1.350 53890.16228185 23.24 120.634017  72.870531 18.465
 48     1.374 53890.16228249 19.85 120.628137  72.867671 18.465
 48     1.605 53890.16228314 25.69 120.622267  72.864801 18.465
 49    -0.173 53925.16234627 36.66 120.625420  72.874379 12.623
 49    -0.079 53925.16234692 33.17 120.619540  72.871519 12.623
 49    -0.082 53925.16234756 40.90 120.613660  72.868649 12.623
 49    -0.193 53925.16234820 36.31 120.607783  72.865783 12.532
 52    -0.631 54030.16232652 28.62 120.647531  72.873588  6.183
 52    -0.607 54030.16232716 26.93 120.641651  72.870718  6.183
 52    -0.708 54030.16232781 27.03 120.635771  72.867858  6.183
 52    -0.603 54030.16232845 25.08 120.629901  72.864988  6.183
 53    -0.087 54065.16232082 17.92 120.628857  72.874327  3.056
 53    -0.192 54065.16232147 18.34 120.622987  72.871467  3.056
 53     0.185 54065.16232211 17.97 120.617107  72.868597  3.056
 53     0.129 54065.16232276 16.88 120.611240  72.865737  2.737
 55    -0.277 54135.16224569 14.65 120.647547  72.874340  3.217
 55     0.081 54135.16224634 14.86 120.641657  72.871470  3.217
 55     0.282 54135.16224698 15.40 120.635777  72.868610  3.217
 55     1.550 54135.16224762 15.02 120.629902  72.865742  3.494
 57    -0.328 54205.16225051 14.18 120.645491  72.873387  4.932
 57    -0.128 54205.16225116 15.67 120.639611  72.870527  4.932
 57     0.341 54205.16225180 14.80 120.633731  72.867657  4.932
 57     0.407 54205.16225245 17.34 120.627851  72.864797  4.932
 59     3.615 54275.16230057 23.61 120.632794  72.874983 14.678
 59     4.331 54275.16230121 19.96 120.626914  72.872123 14.678
 59     4.521 54275.16230186 20.43 120.621034  72.869253 14.678
 59     7.046 54275.16230250 19.62 120.615164  72.866393 14.678
 61     2.361 54345.16227847 24.21 120.612369  72.873641 13.976
 61     2.050 54345.16227912 24.77 120.606489  72.870781 13.976
 61     5.365 54345.16227976 22.93 120.600619  72.867911 13.976
 62     1.359 54380.16223813 25.95 120.642802  72.874005  9.445
 62     1.064 54380.16223878 21.42 120.636922  72.871135  9.445
 62     0.980 54380.16223942 20.64 120.631042  72.868275  9.445
 62     0.804 54380.16224007 21.72 120.625172  72.865405  9.445
 63     0.101 54415.16222671 20.20 120.622375  72.873642  4.531
 63     0.123 54415.16222735 20.29 120.616505  72.870772  4.531
 63     0.181 54415.16222800 19.44 120.610625  72.867912  4.531
 63     0.145 54415.16222864 18.20 120.604755  72.865042  4.531
 65    -0.317 54485.16222125 14.31 120.635778  72.875016  3.764
 65    -0.084 54485.16222189 14.35 120.629908  72.872156  3.764
 65    -0.024 54485.16222254 14.87 120.624028  72.869296  3.764
 65     0.204 54485.16222318 14.10 120.618148  72.866426  3.764
 65     0.165 54485.16222383 13.73 120.612274  72.863567  3.401
 66    -0.286 54520.16221951 14.37 120.642435  72.873381  4.989
 66    -0.142 54520.16222015 15.09 120.636555  72.870521  4.989
 66     0.110 54520.16222080 15.83 120.630685  72.867651  4.989
 66     0.718 54520.16222144 13.89 120.624805  72.864791  4.989
 67    -0.176 54555.16223302 13.45 120.618441  72.874613  4.846
 67     0.032 54555.16223367 14.16 120.612571  72.871743  4.846
 67     0.022 54555.16223431 13.33 120.606691  72.868883  4.846
 67     0.046 54555.16223496 12.76 120.600821  72.866013  4.846
 68    -0.186 54590.16221514 10.17 120.638806  72.874942  3.799
 68    -0.015 54590.16221579 11.32 120.632926  72.872072  3.799
 68    -0.057 54590.16221643 12.26 120.627046  72.869212  3.799
 68     0.425 54590.16221708 10.81 120.621166  72.866342  3.799
 69     2.949 54625.16223268 21.79 120.624247  72.872900 12.602
 69     3.019 54625.16223332 20.66 120.618367  72.870040 12.602
 69     3.410 54625.16223397 20.06 120.612497  72.867170 12.602
 70     1.333 54660.16224038 19.85 120.632801  72.875264 14.410
 70     1.475 54660.16224102 20.47 120.626921  72.872394 14.410
 70     1.626 54660.16224167 21.80 120.621051  72.869534 14.410
 70     1.750 54660.16224231 24.53 120.615171  72.866664 14.410
 71     1.453 54695.16221943 21.35 120.622856  72.874865 14.700
 71     1.869 54695.16222007 21.32 120.616976  72.871995 14.700
 71     1.477 54695.16222072 24.63 120.611096  72.869135 14.700
 71     2.563 54695.16222136 27.13 120.605226  72.866265 14.700
 72     2.983 54730.16219544 19.01 120.640963  72.873120 11.384
 72     4.722 54730.16219608 18.12 120.635083  72.870260 11.384
 72     5.437 54730.16219672 19.25 120.629213  72.867400 11.384
 72     7.885 54730.16219737 20.22 120.623333  72.864530 11.384
 73     0.254 54765.16219783 30.17 120.630288  72.873979  7.876
 73     0.430 54765.16219848 32.28 120.624418  72.871109  7.876
 73     0.473 54765.16219912 31.64 120.618538  72.868249  7.876
 73     0.212 54765.16219977 29.73 120.612668  72.865379  7.876
 74    -0.131 54800.16218902 17.51 120.645653  72.873419  3.962
 74     0.005 54800.16218967 17.68 120.639773  72.870549  3.962
 74     0.160 54800.16219031 17.62 120.633893  72.867689  3.962
 74     0.144 54800.16219096 17.66 120.628013  72.864829  3.962
 75    -0.298 54835.16218920 19.62 120.626954  72.873463  5.383
 75    -0.074 54835.16218984 19.03 120.621084  72.870593  5.383
 75    -0.039 54835.16219049 19.29 120.615204  72.867733  5.383
 75    -0.085 54835.16219113 19.44 120.609334  72.864863  5.383
 77    -0.091 54905.16219844 18.09 120.612110  72.873885  5.863
 77     0.271 54905.16219909 17.47 120.606240  72.871025  5.863
 77     0.283 54905.16219973 17.49 120.600360  72.868155  5.863
 78    -0.275 54940.16217807 15.10 120.640711  72.873640  4.221
 78     0.090 54940.16217872 14.28 120.634831  72.870780  4.221
 78     0.378 54940.16217936 12.64 120.628951  72.867910  4.221
 78     0.607 54940.16218000 12.72 120.623081  72.865050  4.221
 79     0.417 54975.16220828  8.47 120.631337  72.872860  3.258
 79     0.295 54975.16220892  9.12 120.625457  72.870000  3.258
 79     0.610 54975.16220957  8.48 120.619577  72.867130  3.258
 79     2.013 54975.16221021  7.99 120.613707  72.864270  3.258
 80     2.857 55010.16222024 23.80 120.624482  72.873897 14.392
 80     3.078 55010.16222088 20.82 120.618602  72.871027 14.392
 80     3.158 55010.16222153 21.90 120.612732  72.868167 14.392
 80     8.386 55010.16222217 21.15 120.606852  72.865297 14.392
 81     5.674 55045.16221188 10.43 120.621516  72.868191 14.003
 81     6.032 55045.16221253 18.37 120.615646  72.865321 14.003
 82     1.246 55080.16218599 21.02 120.616923  72.874957 15.267
 82     1.194 55080.16218663 22.57 120.611043  72.872087 15.267
 82     1.710 55080.16218728 26.16 120.605173  72.869227 15.267
 82     1.949 55080.16218792 28.80 120.599303  72.866357 15.267
 83     0.030 55115.16214275 48.02 120.639518  72.873471 16.232
 83    -0.172 55115.16214339 48.85 120.633638  72.870601 16.232
 83    -0.046 55115.16214404 42.64 120.627768  72.867741 16.232
 83    -0.129 55115.16214468 38.30 120.621888  72.864871 16.232
 84    -0.077 55150.16214238 16.32 120.628577  72.874561  3.662
 84     0.094 55150.16214302 15.84 120.622707  72.871691  3.662
 84     0.115 55150.16214366 15.39 120.616827  72.868831  3.662
 84     1.083 55150.16214431 14.00 120.610957  72.865961  3.662
 85    -0.204 55185.16212696 12.92 120.642729  72.872562  4.161
 85     0.051 55185.16212760 12.67 120.636859  72.869702  4.161
 85     0.111 55185.16212825 14.47 120.630979  72.866832  4.161
 85     0.652 55185.16212889 11.19 120.625099  72.863972  4.161
 86     0.094 55220.16214057 14.20 120.623995  72.874018  5.163
 86     0.039 55220.16214122 15.59 120.618115  72.871148  5.163
 86     0.393 55220.16214186 13.83 120.612245  72.868288  5.163
 86     0.368 55220.16214251 14.33 120.606365  72.865418  5.163
 87    -0.288 55255.16212278 10.65 120.643946  72.874418  5.480
 87    -0.258 55255.16212343 12.70 120.638066  72.871558  5.480
 87     0.104 55255.16212407 12.12 120.632186  72.868688  5.480
 87     0.333 55255.16212472 13.13 120.626306  72.865828  5.480
 89     0.199 55325.16210921  6.51 120.628940  72.873621  3.149
 89     0.317 55325.16210986  7.02 120.623060  72.870751  3.149
 89     1.183 55325.16211050  6.23 120.617180  72.867891  3.149
 89     1.950 55325.16211115  5.79 120.611310  72.865021  3.149
 90    76.469 55360.16210676  1.62 120.626018  72.874610  2.694
 90    73.850 55360.16210740  1.41 120.620148  72.871740  2.694
 90    80.126 55360.16210805  0.36 120.614268  72.868880  2.694
 91    -0.326 55395.16211139 25.79 120.642148  72.874806 11.743
 91    -0.210 55395.16211203 26.50 120.636268  72.871946 11.743
 91    -0.263 55395.16211268 28.55 120.630388  72.869086 11.743
 91    -0.245 55395.16211332 42.96 120.624508  72.866216 11.743
 92    74.571 55430.16212189  3.80 120.634999  72.874686  2.435
 92    73.613 55430.16212254  1.35 120.629119  72.871826  2.435
 92    72.028 55430.16212318  1.02 120.623239  72.868956  2.435
