# NaN NaN NaN ;Mean Elev.(m), Avg Gradient(m/km), RMS Gradient(m/km) - SRTM1     
#    7.635  -2.181   7.107 ;Mean Elev.(m), Avg Gradient(m/km), RMS Gradient(m/km) - ASTER GDEM
#    1.816  -2.391   8.670 ;Mean Elev.(m), Avg Gradient(m/km), RMS Gradient(m/km) - GMTED2010 
  7     0.154 52468.49974733 28.15 121.291593  72.771023  9.415
  7     0.136 52468.49974798 24.86 121.285783  72.773893  9.415
  7    -0.316 52468.49974862 26.51 121.279963  72.776763  9.415
  8    -1.938 52503.49973537 25.63 121.298425  72.770649  8.360
  8    -1.774 52503.49973601 24.24 121.292615  72.773519  8.360
  8    -2.111 52503.49973666 21.43 121.286795  72.776389  8.360
 10     0.354 52573.49976102 27.23 121.285190  72.770548  7.928
 10     0.368 52573.49976167 28.84 121.279370  72.773418  7.928
 10     0.233 52573.49976231 26.76 121.273550  72.776288  7.928
 11    32.080 52608.49971935  4.62 121.299321  72.771683  5.873
 11    31.005 52608.49971999  2.04 121.293501  72.774553  5.873
 11    27.476 52608.49972064  4.44 121.287691  72.777423  5.873
 20     0.842 52923.49981712 29.99 121.302457  72.773553  8.793
 20     0.862 52923.49981776 32.20 121.296647  72.776423  8.793
 20     0.857 52923.49981841 32.45 121.290827  72.779293  8.793
 22     0.910 52993.49981052  9.33 121.286382  72.770805  3.995
 22     1.126 52993.49981116  9.27 121.280562  72.773675  3.995
 22     0.939 52993.49981180  9.78 121.274742  72.776545  3.995
 28     0.608 53203.49985528 20.64 121.289981  72.769842  8.600
 28     0.331 53203.49985592 19.07 121.284161  72.772712  8.600
 28     0.140 53203.49985657 17.83 121.278351  72.775582  8.600
 28     0.099 53203.49985721 16.04 121.272531  72.778452  8.600
 29     0.485 53238.49982416 27.02 121.303739  72.774176  6.942
 29     0.086 53238.49982480 19.96 121.297919  72.777046  6.942
 29    -0.049 53238.49982545 18.81 121.292109  72.779916  6.942
 31     0.159 53308.49984227 19.38 121.280649  72.769601  4.969
 31     0.114 53308.49984292 20.45 121.274839  72.772471  4.969
 31     0.044 53308.49984356 20.08 121.269019  72.775341  4.969
 31     0.157 53308.49984421 18.57 121.263199  72.778211  4.969
 38    -0.143 53553.49988001 29.30 121.288247  72.770159 15.845
 38     0.001 53553.49988066 25.16 121.282437  72.773029 15.845
 38    -0.432 53553.49988130 22.44 121.276617  72.775899 15.845
 39     0.848 53588.49982892 28.15 121.304451  72.772659  8.219
 39     0.206 53588.49982956 26.37 121.298631  72.775529  8.219
 39     0.148 53588.49983021 21.30 121.292821  72.778399  8.219
 41     0.703 53658.49982886 31.94 121.281693  72.768292 11.160
 41     0.711 53658.49982950 36.95 121.275873  72.771162 11.160
 41     0.775 53658.49983015 37.26 121.270053  72.774032 11.160
 41     0.699 53658.49983079 35.93 121.264233  72.776902 11.160
 42     0.585 53693.49980903 14.33 121.299517  72.771043  3.894
 42     0.765 53693.49980968 15.07 121.293697  72.773913  3.894
 42     0.606 53693.49981032 15.32 121.287887  72.776783  3.894
 44     0.622 53763.49969176  9.71 121.285988  72.768629  3.772
 44     0.361 53763.49969240  8.51 121.280178  72.771499  3.772
 44     0.452 53763.49969305  8.49 121.274358  72.774369  3.772
 44     0.168 53763.49969369  8.43 121.268538  72.777239  3.772
 47     5.360 53868.49976078  2.88 121.284567  72.768221 13.093
 47     6.497 53868.49976142  2.29 121.278757  72.771091 13.093
 47     5.493 53868.49976207  3.02 121.272937  72.773961 13.093
 47     4.667 53868.49976271  2.94 121.267117  72.776831 13.093
 48    10.009 53903.49979321 26.52 121.289962  72.769405  7.362
 48    10.052 53903.49979386 19.76 121.284152  72.772275  7.362
 48     8.721 53903.49979450 20.49 121.278332  72.775145  7.362
 48     7.874 53903.49979515 18.61 121.272512  72.778005  7.362
 49     0.472 53938.49982914 22.81 121.279707  72.770168  9.175
 49     0.214 53938.49982978 21.33 121.273897  72.773038  9.175
 49     0.394 53938.49983043 23.38 121.268077  72.775908  9.175
 50     0.391 53973.49979085 30.87 121.297802  72.773032  6.403
 50     0.239 53973.49979149 23.74 121.291992  72.775902  6.403
 50    -0.026 53973.49979214 19.43 121.286172  72.778772  6.403
 52     0.125 54043.49980259 22.81 121.288304  72.769532  5.991
 52     0.153 54043.49980324 25.01 121.282494  72.772402  5.991
 52    -0.022 54043.49980388 25.27 121.276674  72.775272  5.991
 52     0.074 54043.49980453 25.83 121.270854  72.778132  5.991
 53    32.921 54078.49979647  2.15 121.299102  72.772370  4.823
 53    30.914 54078.49979712  1.95 121.293292  72.775240  4.823
 58     9.529 54253.49977526 27.82 121.289659  72.770245 17.061
 58     4.756 54253.49977591 35.05 121.283839  72.773115 17.061
 58     4.548 54253.49977655 34.18 121.278019  72.775985 17.061
 59     0.521 54288.49977864 27.25 121.298917  72.769665 16.065
 59     0.055 54288.49977929 24.18 121.293107  72.772535 16.065
 59     0.027 54288.49977993 21.35 121.287287  72.775395 16.065
 59    -0.388 54288.49978058 19.60 121.281467  72.778265 16.065
 60     0.478 54323.49977640 30.27 121.293986  72.771080 16.583
 60     0.288 54323.49977704 26.31 121.288166  72.773950 16.583
 60    -0.102 54323.49977769 23.65 121.282346  72.776810 16.583
 61     1.654 54358.49973294 40.89 121.310729  72.773662 14.795
 61     1.553 54358.49973358 42.89 121.304919  72.776532 14.795
 61     1.787 54358.49973423 42.78 121.299099  72.779402 14.795
 62     0.509 54393.49971680 26.85 121.288794  72.771033  8.526
 62     0.475 54393.49971744 28.73 121.282974  72.773903  8.526
 62     0.344 54393.49971809 28.96 121.277154  72.776773  8.526
 64     0.073 54463.49969650 13.07 121.273824  72.775001  4.337
 64     0.041 54463.49969714 12.56 121.268004  72.777871  4.337
 69     9.646 54638.49971442 28.10 121.296514  72.769642  7.542
 69     0.842 54638.49971506 26.90 121.290704  72.772512  7.542
 69     0.572 54638.49971571 23.99 121.284884  72.775382  7.542
 69     0.963 54638.49971635 21.17 121.279064  72.778252  7.542
 70     0.357 54673.49971768 22.67 121.293215  72.771126 10.304
 70     9.273 54673.49971833 17.32 121.287405  72.773996 10.304
 70     0.537 54673.49971897 18.36 121.281585  72.776876 10.304
 71     0.846 54708.49967591 26.56 121.305841  72.772203  5.942
 71     8.900 54708.49967655 18.53 121.300031  72.775073  5.942
 71     7.412 54708.49967720 17.60 121.294211  72.777943  5.942
 72    -0.224 54743.49968362 47.96 121.286901  72.770357  8.523
 72    -0.156 54743.49968427 32.40 121.281081  72.773227  8.523
 72    -0.385 54743.49968491 28.06 121.275261  72.776097  8.523
 73     0.444 54778.49965841 19.76 121.298831  72.771597  4.288
 73     0.344 54778.49965905 20.32 121.293021  72.774467  4.288
 73     0.015 54778.49965970 21.03 121.287201  72.777337  4.288
 74    -0.238 54813.49967824 14.68 121.271383  72.774670  5.069
 74    -0.345 54813.49967889 13.94 121.265563  72.777540  5.069
 79     3.925 54988.49969886 37.17 121.288330  72.769505 14.390
 79     3.988 54988.49969951 39.81 121.282520  72.772375 14.390
 79     3.980 54988.49970015 43.96 121.276700  72.775245 14.390
 79     3.520 54988.49970080 45.65 121.270880  72.778115 14.390
 80     0.721 55023.49969096 21.73 121.297356  72.771960 10.117
 80     0.288 55023.49969160 18.30 121.291546  72.774830 10.117
 80     0.052 55023.49969225 18.72 121.285726  72.777700 10.117
 81     0.391 55058.49968641 22.49 121.293372  72.772241  7.914
 81     0.304 55058.49968706 16.86 121.287562  72.775111  7.914
 81    -0.342 55058.49968770 19.68 121.281742  72.777981  7.914
 82     0.530 55093.49964085 28.85 121.304872  72.774582  9.559
 82     0.025 55093.49964150 25.59 121.299052  72.777452  9.559
 82    -0.347 55093.49964214 23.29 121.293232  72.780322  9.559
 83     0.418 55128.49962679 32.01 121.290224  72.769928 11.528
 83     0.362 55128.49962743 36.75 121.284414  72.772798 11.528
 83     0.660 55128.49962808 37.40 121.278594  72.775668 11.528
 83     0.450 55128.49962872 37.45 121.272774  72.778538 11.528
 85    -0.038 55198.49961891 10.16 121.279095  72.772183  4.216
 85    -0.318 55198.49961956 10.55 121.273275  72.775053  4.216
 85    -0.555 55198.49962020  9.93 121.267455  72.777923  4.216
 89     8.844 55338.49958594 17.71 121.295520  72.769976  9.697
 89     8.889 55338.49958659 16.22 121.289710  72.772846  9.697
 89     1.239 55338.49958723 17.28 121.283890  72.775716  9.697
 89     0.790 55338.49958788 23.23 121.278070  72.778586  9.697
 90     1.193 55373.49957702 48.02 121.296760  72.771533 13.573
 90     1.423 55373.49957767 45.68 121.290950  72.774403 13.573
 90     1.596 55373.49957831 46.07 121.285130  72.777273 13.573
 91     0.649 55408.49959820 20.23 121.286565  72.771219 12.076
 91     0.903 55408.49959885 20.93 121.280745  72.774089 12.076
 91     1.327 55408.49959949 21.06 121.274925  72.776959 12.076
 92     0.994 55443.49959483 29.56 121.297449  72.770810  7.008
 92     7.700 55443.49959547 19.75 121.291639  72.773680  7.008
 92     1.107 55443.49959612 17.15 121.285819  72.776550  7.008
 93     0.420 55478.49953336 43.52 121.311808  72.774279 11.866
 93     0.382 55478.49953401 45.06 121.305998  72.777149 11.866
 93    -0.107 55478.49953465 45.69 121.300178  72.780019 11.866
