-114354.202   115.393     0.00   11.26
-113979.819   121.774    17.04   10.01
-113605.338   124.888     8.31    8.28
-113230.760   123.812    -2.87   10.66
-112856.083   119.421   -11.72   15.50
-112481.309   115.043   -11.68   17.20
-112106.436   111.915    -8.34   16.08
-111731.466   110.452    -3.90   13.49
-111356.397   111.438     2.63    9.78
-110981.230   113.338     5.07    9.32
-110605.965   115.148     4.82    9.09
-110230.602   112.347    -7.46   11.02
-109855.140   108.523   -10.19   13.80
-109479.579   104.003   -12.03   14.44
-109103.920   101.208    -7.44   14.31
-108728.162   101.014    -0.52   14.15
-108352.306   101.733     1.91   14.49
-107976.350   100.313    -3.78   15.75
-107600.296   100.891     1.54   17.25
-107224.143   104.585     9.82   17.32
-106847.890   110.909    16.81   16.06
-106471.538   120.249    24.82   19.51
-106095.088   132.105    31.49   17.94
-105718.537   140.045    21.09   11.91
-105341.888   141.009     2.56    9.18
-104965.139   136.076   -13.09   10.84
-104588.290   131.569   -11.96   13.45
-104211.342   128.271    -8.75   15.23
-103834.294   128.417     0.39   17.35
-103457.147   131.867     9.15   17.11
-103079.899   138.126    16.59   15.07
-102702.551   139.880     4.65   12.15
-102325.104   136.548    -8.83   15.60
-101947.556   127.585   -23.74   18.87
-101569.908   115.403   -32.26   13.56
-101192.160   109.078   -16.74   12.64
-100814.312   107.613    -3.88   11.83
-100436.363   105.575    -5.39   12.34
-100058.314   105.716     0.37   12.39
 -99680.164   109.523    10.07   13.31
 -99301.913   114.331    12.71   13.20
 -98923.562   119.915    14.76   12.23
 -98545.110   128.479    22.63   15.70
 -98166.557   138.002    25.16   16.90
 -97787.903   141.084     8.14   15.42
 -97409.147   140.748    -0.89   16.36
 -97030.291   137.341    -8.99   16.78
 -96651.334   137.476     0.36   15.34
 -96272.275   141.809    11.43   10.51
 -95893.115   145.487     9.70    6.36
 -95513.853   143.118    -6.24    7.92
 -95134.490   137.387   -15.11   12.12
 -94755.025   129.492   -20.80   13.52
 -94375.459   120.288   -24.25   11.57
 -93995.790   116.574    -9.78    9.13
 -93616.020   122.878    16.60   16.02
 -93236.148   136.585    36.08   21.94
 -92856.174   153.574    44.71   22.88
 -92476.098   169.489    41.87   14.16
 -92095.919   176.003    17.13    6.74
 -91715.638   177.131     2.97    4.40
 -91335.255   174.184    -7.75    5.61
 -90954.770   171.109    -8.08    7.47
 -90574.181   169.094    -5.29    8.25
 -90193.491   169.417     0.85    9.74
 -89812.697   171.679     5.94   10.02
 -89431.801   175.842    10.93    7.60
 -89050.802   176.340     1.31    6.55
 -88669.700   174.046    -6.02    8.69
 -88288.495   168.274   -15.14   11.09
 -87907.187   161.495   -17.78    9.19
 -87525.775   157.184   -11.30    6.47
 -87144.261   153.979    -8.40    5.81
 -86762.643   152.780    -3.14    5.83
 -86380.921   150.994    -4.68    5.67
 -85999.096   150.354    -1.68    5.68
 -85617.168   151.747     3.65    6.25
 -85235.135   153.353     4.20    5.52
 -84852.999   152.429    -2.42    5.89
 -84470.760   149.614    -7.36    7.05
 -84088.416   146.070    -9.27    6.50
 -83705.968   142.756    -8.66    6.39
 -83323.416   138.821   -10.29    8.88
 -82940.760   134.305   -11.80   10.97
 -82572.722   129.866   -12.06   11.45
 -82209.412   125.582   -11.79   12.00
 -81846.010   121.850   -10.27   12.08
 -81482.517   121.712    -0.38   11.99
 -81118.933   120.119    -4.38   11.23
 -80755.258   119.313    -2.22    9.60
 -80391.491   119.574     0.72   10.68
 -80027.633   116.913    -7.31   13.18
 -79663.684   114.503    -6.62   13.70
 -79299.643   113.038    -4.02   13.36
 -78935.511   112.061    -2.69   13.40
 -78571.287   109.817    -6.16   14.11
 -78206.971   109.143    -1.85   12.28
 -77842.564   110.643     4.11   12.27
 -77478.064   117.646    19.21   17.33
 -77113.473   130.371    34.90   17.28
 -76748.790   140.454    27.65   11.97
 -76384.015   145.275    13.22    6.99
 -76019.147   145.337     0.17    6.52
 -75654.188   144.074    -3.46    6.97
 -75289.136   142.233    -5.04    7.05
 -74923.992   143.554     3.62    7.09
 -74558.755   146.062     6.86    7.49
 -74193.426   150.411    11.90    7.57
 -73828.004   155.128    12.91    6.64
 -73462.490   157.761     7.20    4.75
 -73096.883   159.761     5.47    3.59
 -72731.184   160.241     1.31    3.73
 -72365.391   158.905    -3.65    6.11
 -71999.506   154.659   -11.60   10.07
 -71633.527   147.754   -18.87   12.30
 -71267.456   138.580   -25.06   12.38
 -70901.291   130.392   -22.36    9.60
 -70535.034   124.042   -17.34    7.96
 -70168.683   117.675   -17.38    8.10
 -69802.238   113.530   -11.31    7.08
 -69435.701   111.108    -6.61    5.03
 -69069.070   114.462     9.15    8.89
 -68702.345   121.488    19.16   11.98
 -68335.526   131.279    26.69   10.95
 -67968.614   138.772    20.42    9.21
 -67601.609   144.120    14.57    6.76
 -67234.509   148.675    12.41    5.76
 -66867.315   152.640    10.80    8.83
 -66500.028   158.184    15.09   10.42
 -66132.646   164.029    15.91    8.76
 -65765.170   166.038     5.47    7.25
 -65397.601   163.042    -8.15    9.55
 -65029.936   157.704   -14.52    8.93
 -64662.178   156.434    -3.45    8.89
 -64294.325   160.713    11.63   12.62
 -63926.377   167.753    19.13   11.56
 -63558.335   171.700    10.72    7.36
 -63190.199   171.260    -1.19    6.90
 -62821.967   168.224    -8.25    8.29
 -62453.641   161.917   -17.12   12.61
 -62085.220   150.208   -31.78   18.90
 -61716.704   140.016   -27.66   20.00
 -61348.093   127.992   -32.62   20.38
 -60979.387   115.110   -34.94   22.33
 -60610.586   100.928   -38.46   28.99
 -60241.690    80.418   -55.59   32.66
 -59872.698    65.522   -40.37   24.38
 -59503.611    59.796   -15.51   17.66
 -59134.428    67.114    19.82   23.20
 -58765.150    82.990    42.99   30.00
 -58395.777    99.839    45.61   32.57
 -58026.307   111.487    31.52   32.23
 -57656.742   113.936     6.63   31.15
 -57287.081   117.726    10.25   29.02
 -56917.325   127.720    27.03   25.50
 -56547.472   137.672    26.91   24.87
 -56177.523   148.977    30.56   18.07
 -55807.478   152.880    10.55    9.31
 -55437.337   148.577   -11.62   11.76
 -55067.099   138.133   -28.21   15.78
 -54696.766   132.404   -15.47   14.44
 -54326.335   129.858    -6.87   14.35
 -53955.809   134.120    11.50   15.67
 -53585.185   142.984    23.91   11.91
 -53214.465   150.751    20.95   14.65
 -52843.649   162.660    32.11   17.13
 -52472.735   170.970    22.41   14.46
 -52101.725   174.875    10.52    9.27
 -51730.618   173.993    -2.38    8.83
 -51359.413   171.574    -6.52    6.93
 -50988.112   170.200    -3.70    6.77
 -50616.713   169.342    -2.31   12.04
 -50245.217   164.587   -12.80   19.26
 -49873.624   155.520   -24.40   21.66
 -49501.933   154.779    -1.99   20.43
 -49130.145   160.679    15.87   20.87
 -48758.259   167.041    17.10   18.82
 -48386.276   170.548     9.43   16.22
 -48014.195   161.850   -23.38   20.31
 -47642.016   146.288   -41.81   24.55
 -47269.739   131.149   -40.67   26.38
 -46897.364   124.033   -19.11   23.91
 -46524.891   127.576     9.51   26.71
 -46152.320   138.708    29.88   27.59
 -45779.651   149.017    27.66   18.62
 -45406.884   149.658     1.72   17.19
 -45034.018   140.699   -24.03   21.76
 -44661.054   125.546   -40.63   26.40
 -44287.991   110.525   -40.26   28.17
 -43914.830    99.818   -28.69   26.24
 -43541.570    96.620    -8.57   25.84
 -43168.212    93.826    -7.49   26.70
 -42794.754    97.832    10.73   28.88
 -42421.198   102.037    11.26   29.21
 -42047.542   104.263     5.96   29.80
 -41673.788   111.512    19.39   27.39
 -41299.935   109.175    -6.25   21.72
 -40925.982   108.017    -3.10   16.78
 -40551.930   107.141    -2.34   17.30
 -40177.778   109.620     6.63   22.45
 -39803.528   116.072    17.24   24.91
 -39429.177   123.304    19.32   20.55
 -39054.727   127.380    10.89   14.32
 -38680.178   120.021   -19.65   21.26
 -38305.528   109.958   -26.86   24.95
 -37930.779    99.444   -28.06   27.38
 -37555.930    85.066   -38.36   30.24
 -37180.980    66.821   -48.66   35.29
 -36805.931    55.576   -29.98   34.39
 -36430.781    53.357    -5.91   31.69
 -36055.532    58.869    14.69   34.49
 -35680.182    77.093    48.55   32.99
 -35304.731    92.554    41.18   15.41
 -34929.180    93.175     1.66   16.15
 -34553.529    86.128   -18.76   23.71
 -34177.776    75.248   -28.95   27.02
 -33801.923    60.218   -39.99   27.53
 -33425.970    58.699    -4.04   24.76
 -33049.915    65.336    17.65   28.57
 -32673.759    74.063    23.20   36.41
 -32297.503    77.231     8.42   37.82
 -31921.145    66.520   -28.46   44.07
 -31544.686    51.318   -40.38   41.70
 -31168.125    46.184   -13.64   31.32
 -30791.464    55.748    25.39   34.21
 -30414.700    74.509    49.79   30.70
 -30037.836    87.881    35.48   21.56
 -29660.869    94.223    16.82   15.26
 -29283.801    95.942     4.56    9.53
 -28906.631    91.096   -12.85   10.72
 -28529.359    84.302   -18.01   10.36
 -28151.986    77.268   -18.64   10.24
 -27774.510    71.420   -15.49   10.72
 -27396.932    67.013   -11.67    8.59
 -27019.252    64.144    -7.60    4.83
 -26641.469    64.648     1.33    4.77
 -26263.584    62.026    -6.94    5.89
 -25885.597    58.585    -9.10    8.44
 -25507.507    54.035   -12.03   10.32
 -25129.315    45.248   -23.23   14.43
 -24751.019    41.104   -10.96   16.53
 -24372.621    41.465     0.95   19.04
 -23994.121    44.585     8.24   20.97
 -23615.517    49.801    13.78   19.15
 -23236.810    54.026    11.16   11.47
 -22858.000    56.467     6.44    9.22
 -22479.087    56.909     1.17    9.74
 -22100.070    58.609     4.48   10.16
 -21720.950    60.209     4.22   11.13
 -21341.727    62.703     6.58   11.60
 -20962.400    68.000    13.96    8.86
 -20582.969    71.176     8.37    5.53
 -20203.435    71.358     0.48    4.87
 -19823.797    70.385    -2.56    4.77
 -19444.055    70.160    -0.59    5.30
 -19064.209    70.490     0.87    5.43
 -18684.259    71.310     2.16    6.00
 -18304.204    71.498     0.50    6.44
 -17924.046    72.045     1.44    5.38
 -17543.783    72.152     0.28    5.21
 -17163.416    71.992    -0.42    5.59
 -16782.944    72.191     0.52    5.24
 -16402.368    72.712     1.37    4.19
 -16021.687    71.560    -3.03    4.94
 -15640.901    68.617    -7.73    6.39
 -15260.011    66.175    -6.41    8.90
 -14879.015    63.168    -7.89    9.59
 -14497.915    59.684    -9.14    9.52
 -14116.709    57.727    -5.13    7.93
 -13735.398    57.349    -0.99    7.54
 -13353.982    58.582     3.23    7.87
 -12972.461    58.435    -0.38    8.48
 -12590.834    55.141    -8.63    9.07
 -12209.102    49.894   -13.74    8.44
 -11827.264    45.660   -11.09    6.33
 -11445.320    42.120    -9.27    4.88
 -11063.270    40.105    -5.27    4.62
 -10681.115    37.234    -7.51    4.84
 -10298.854    35.577    -4.33    3.97
  -9916.486    35.159    -1.09    3.85
  -9534.013    35.640     1.26    4.45
  -9151.433    36.806     3.05    5.23
  -8768.747    39.368     6.69    6.26
  -8385.954    42.556     8.33    6.05
  -8009.380    45.659     8.24    6.16
  -7646.295    49.129     9.56    6.27
  -7283.118    53.396    11.75    6.24
  -6919.848    55.767     6.53    5.43
  -6556.485    54.230    -4.23    7.16
  -6193.030    50.238   -10.98    9.73
  -5829.481    43.684   -18.03    8.47
  -5465.840    41.048    -7.25    5.87
  -5102.107    40.758    -0.80    5.51
  -4738.280    41.625     2.38    6.69
  -4374.360    42.254     1.73    7.98
  -4010.347    42.504     0.69    9.61
  -3646.241    38.842   -10.06   13.20
  -3282.041    37.019    -5.00   14.88
  -2917.748    39.012     5.47   19.08
  -2553.362    36.125    -7.92   22.55
  -2188.882    31.896   -11.60   23.18
  -1824.309    26.052   -16.03   21.68
  -1459.642    16.175   -27.08   15.85
  -1094.881     7.777   -23.02    9.20
   -730.027     2.894   -13.38    5.02
   -365.079     0.217    -7.34    2.36
     -0.037     3.348     8.58   11.93
    365.100    15.277    32.67   25.04
    730.330    35.200    54.55   35.38
   1095.654    67.605    88.70   49.44
   1461.073    93.816    71.73   45.35
   1826.586   110.800    46.47   35.05
   2192.193   111.387     1.60   31.74
   2557.895    98.270   -35.87   32.44
   2923.691    79.984   -49.99   30.20
   3289.582    69.624   -28.31   23.20
   3655.568    65.837   -10.35   18.95
   4021.648    67.595     4.80   19.59
   4387.823    65.387    -6.03   18.33
   4754.093    58.191   -19.64   17.49
   5120.458    48.384   -26.77   12.69
   5486.918    42.129   -17.07    9.60
   5853.473    38.309   -10.42   11.07
   6220.123    35.592    -7.41    9.46
   6586.869    32.153    -9.38    8.00
   6953.710    33.498     3.67   10.18
   7320.646    37.558    11.06   14.92
   7687.678    43.340    15.75   16.68
   8054.805    52.160    24.02   15.36
   8422.028    56.032    10.54   13.29
   8789.347    54.656    -3.74   12.64
   9156.761    53.296    -3.70   11.25
   9524.272    52.025    -3.46   10.66
   9891.878    53.269     3.39   10.57
  10259.581    55.984     7.38    8.57
  10627.379    59.113     8.51    8.72
  10995.274    60.598     4.04    9.13
  11363.264    64.928    11.77   12.36
  11731.352    72.488    20.54   13.84
  12099.535    77.339    13.17   11.57
  12467.815    78.415     2.92    9.39
  12836.192    73.629   -12.99    9.84
  13204.665    66.005   -20.69   12.54
  13573.235    57.417   -23.30   13.59
  13941.902    45.777   -31.57   14.34
  14310.665    34.026   -31.87   12.63
  14679.526    23.787   -27.76   12.53
  15048.484    14.574   -24.97   11.83
  15417.538     7.762   -18.46    8.25
  15786.690     2.984   -12.94    4.51
  16155.939     2.036    -2.57    3.10
  16525.285     3.743     4.62    5.14
  16894.729     7.914    11.29    7.95
  17264.271    13.401    14.85    9.39
  17633.909    18.993    15.13    7.90
  18003.646    21.380     6.46    7.63
  18373.480    20.199    -3.19    8.88
  18743.412    17.342    -7.72    8.84
  19113.442    12.439   -13.25    9.39
  19483.570     8.230   -11.37    8.59
  19853.796     3.618   -12.46    5.69
  20224.120     1.199    -6.53    4.13
  20594.542    -0.316    -4.09    3.04
  20965.062    -1.508    -3.21    1.56
  21335.681    -1.816    -0.83    0.00
  21706.398    -1.816     0.00    0.00
  22077.214    -1.816     0.00    0.00
  22448.128    -1.816     0.00    0.00
  22819.141    -1.816     0.00    0.00
  23190.253    -1.816     0.00    0.00
  23561.463    -1.816     0.00    0.00
  23932.773    -1.816     0.00    0.00
  24304.181    -1.816     0.00    0.00
  24675.689    -1.816     0.00    0.00
  25047.295    -1.816     0.00    0.00
  25419.001    -1.816     0.00    0.00
  25790.806    -1.816     0.00    0.00
  26162.711    -1.816     0.00    0.00
  26534.715    -1.816     0.00    0.00
  26906.818    -1.816     0.00    0.00
  27279.021    -1.816     0.00    0.00
  27651.324    -1.816     0.00    0.00
  28023.727    -1.816     0.00    0.00
  28396.229    -1.816     0.00    0.00
  28768.832    -1.816     0.00    0.00
  29141.534    -1.816     0.00    0.00
  29514.337    -1.816     0.00    0.00
  29887.239    -1.816     0.00    0.00
  30260.243    -1.816     0.00    0.00
  30633.346    -1.816     0.00    0.00
  31006.550    -1.816     0.00    0.00
  31379.854    -1.816     0.00    0.00
  31753.259    -1.816     0.00    0.00
  32126.765    -1.816     0.00    0.00
  32500.371    -1.816     0.00    0.00
  32874.078    -1.816     0.00    0.00
  33247.886    -1.816     0.00    0.00
  33621.796    -1.816     0.00    0.00
  33995.806    -1.816     0.00    0.00
  34369.917    -1.816     0.00    0.00
  34744.130    -1.816     0.00    0.00
  35118.444    -1.816     0.00    0.00
  35492.860    -1.816     0.00    0.00
  35867.377    -1.816     0.00    0.00
  36241.995    -1.816     0.00    0.00
  36616.715    -1.816     0.00    0.00
  36991.537    -1.816     0.00    0.00
  37366.461    -1.816     0.00    0.00
  37741.487    -1.816     0.00    0.00
  38116.615    -1.816     0.00    0.00
  38491.845    -1.816     0.00    0.00
  38867.177    -1.816     0.00    0.00
  39242.611    -1.816     0.00    0.00
  39618.148    -1.816     0.00    0.00
  39993.787    -1.816     0.00    0.00
  40369.528    -1.816     0.00    0.00
  40745.373    -1.816     0.00    0.00
  41121.320    -1.816     0.00    0.00
  41497.369    -1.816     0.00    0.00
  41873.522    -1.816     0.00    0.00
  42249.777    -1.816     0.00    0.00
  42626.136    -1.816     0.00    0.00
  43002.597    -1.816     0.00    0.00
  43379.162    -1.816     0.00    0.00
  43755.830    -1.816     0.00    0.00
  44132.601    -1.816     0.00    0.00
  44509.476    -1.816     0.00    0.00
  44886.455    -1.816     0.00    0.00
  45263.537    -1.816     0.00    0.00
  45640.722    -1.816     0.00    0.00
  46018.012    -1.816     0.00    0.00
  46395.405    -1.816     0.00    0.00
  46772.903    -1.816     0.00    0.00
  47150.504    -1.816     0.00    0.00
  47528.209    -1.816     0.00    0.00
  47906.019    -1.816     0.00    0.00
  48283.933    -1.816     0.00    0.00
  48661.952    -1.816     0.00    0.00
  49040.075    -1.816     0.00    0.00
  49418.302    -1.816     0.00    0.00
  49796.635    -1.816     0.00    0.00
  50175.072    -1.816     0.00    0.00
  50553.613    -1.816     0.00    0.00
  50932.260    -1.816     0.00    0.00
  51311.012    -1.816     0.00    0.00
  51689.869    -1.816     0.00    0.00
  52068.831    -1.816     0.00    0.00
  52447.898    -1.816     0.00    0.00
  52827.071    -1.816     0.00    0.00
  53206.349    -1.816     0.00    0.00
  53585.732    -1.816     0.00    0.00
  53965.222    -1.816     0.00    0.00
  54344.817    -1.816     0.00    0.00
  54724.517    -1.816     0.00    0.00
  55104.324    -1.816     0.00    0.00
  55484.237    -1.816     0.00    0.00
  55864.255    -1.816     0.00    0.00
  56244.380    -1.816     0.00    0.00
  56624.612    -1.816     0.00    0.00
  57004.949    -1.816     0.00    0.00
  57385.393    -1.816     0.00    0.00
  57765.943    -1.816     0.00    0.00
  58146.600    -1.816     0.00    0.00
  58527.364    -1.816     0.00    0.00
  58908.235    -1.816     0.00    0.00
  59289.212    -1.816     0.00    0.00
  59670.297    -1.816     0.00    0.00
  60051.488    -1.816     0.00    0.00
  60432.787    -1.816     0.00    0.00
  60814.193    -1.816     0.00    0.00
  61195.706    -1.816     0.00    0.00
  61577.326    -1.816     0.00    0.00
  61959.055    -1.816     0.00    0.00
  62340.890    -1.816     0.00    0.00
  62722.834    -1.816     0.00    0.00
  63104.885    -1.816     0.00    0.00
  63487.044    -1.816     0.00    0.00
  63869.311    -1.816     0.00    0.00
  64251.686    -1.816     0.00    0.00
  64634.170    -1.816     0.00    0.00
  65016.761    -1.816     0.00    0.00
  65399.461    -1.816     0.00    0.00
  65782.270    -1.816     0.00    0.00
  66165.187    -1.816     0.00    0.00
  66548.212    -1.816     0.00    0.00
  66913.706    -1.816     0.00    0.00
  67276.668    -1.816     0.00    0.00
  67639.724    -1.816     0.00    0.00
  68002.874    -1.816     0.00    0.00
  68366.119    -1.816     0.00    0.00
  68729.457    -1.816     0.00    0.00
  69092.889    -1.816     0.00    0.00
  69456.416    -1.816     0.00    0.00
  69820.037    -1.816     0.00    0.00
  70183.752    -1.816     0.00    0.00
  70547.562    -1.816     0.00    0.00
  70911.466    -1.816     0.00    0.00
  71275.466    -1.816     0.00    0.00
  71639.559    -1.816     0.00    0.00
  72003.748    -1.816     0.00    0.00
  72368.031    -1.816     0.00    0.00
  72732.410    -1.816     0.00    0.00
  73096.883    -1.816     0.00    0.00
  73461.452    -1.816     0.00    0.00
  73826.115    -1.816     0.00    0.00
  74190.874    -1.816     0.00    0.00
  74555.728    -1.816     0.00    0.00
  74920.678    -1.816     0.00    0.00
  75285.723    -1.816     0.00    0.00
  75650.863    -1.816     0.00    0.00
  76016.100    -1.816     0.00    0.00
  76381.432    -1.816     0.00    0.00
  76746.859    -1.816     0.00    0.00
  77112.383    -1.816     0.00    0.00
  77478.002    -1.816     0.00    0.00
  77843.718    -1.816     0.00    0.00
  78209.529    -1.816     0.00    0.00
  78575.437    -1.816     0.00    0.00
  78941.441    -1.816     0.00    0.00
  79307.541    -1.816     0.00    0.00
  79673.738    -1.816     0.00    0.00
  80040.031    -1.816     0.00    0.00
  80406.421    -1.816     0.00    0.00
  80772.907    -1.816     0.00    0.00
  81139.490    -1.816     0.00    0.00
  81506.170    -1.816     0.00    0.00
  81872.946    -1.816     0.00    0.00
  82239.820    -1.816     0.00    0.00
  82606.790    -1.816     0.00    0.00
  82973.858    -1.816     0.00    0.00
  83341.023    -1.816     0.00    0.00
  83708.285    -1.816     0.00    0.00
  84075.644    -1.816     0.00    0.00
  84443.101    -1.816     0.00    0.00
  84810.655    -1.816     0.00    0.00
  85178.307    -1.816     0.00    0.00
  85546.057    -1.816     0.00    0.00
  85913.904    -1.816     0.00    0.00
  86281.849    -1.816     0.00    0.00
  86649.892    -1.816     0.00    0.00
  87018.033    -1.816     0.00    0.00
  87386.272    -1.816     0.00    0.00
  87754.609    -1.816     0.00    0.00
  88123.044    -1.816     0.00    0.00
  88491.578    -1.816     0.00    0.00
  88860.210    -1.816     0.00    0.00
  89228.940    -1.816     0.00    0.00
  89597.769    -1.816     0.00    0.00
  89966.696    -1.816     0.00    0.00
  90335.722    -1.816     0.00    0.00
  90704.847    -1.816     0.00    0.00
  91074.071    -1.816     0.00    0.00
  91443.394    -1.816     0.00    0.00
  91812.815    -1.816     0.00    0.00
  92182.336    -1.816     0.00    0.00
  92551.956    -1.816     0.00    0.00
  92921.675    -1.816     0.00    0.00
  93291.493    -1.816     0.00    0.00
  93661.411    -1.816     0.00    0.00
  94031.429    -1.816     0.00    0.00
  94401.546    -1.816     0.00    0.00
  94771.762    -1.816     0.00    0.00
  95142.079    -1.816     0.00    0.00
  95512.495    -1.816     0.00    0.00
  95883.011    -1.816     0.00    0.00
  96253.627    -1.816     0.00    0.00
  96624.343    -1.816     0.00    0.00
  96995.159    -1.816     0.00    0.00
  97366.076    -1.816     0.00    0.00
  97737.093    -1.816     0.00    0.00
  98108.210    -1.816     0.00    0.00
  98479.427    -1.816     0.00    0.00
  98850.746    -1.816     0.00    0.00
  99222.164    -1.816     0.00    0.00
  99593.684    -1.816     0.00    0.00
  99965.304    -1.816     0.00    0.00
 100337.026    -1.816     0.00    0.00
 100708.848    -1.816     0.00    0.00
 101080.771    -1.816     0.00    0.00
 101452.796    -1.816     0.00    0.00
 101824.922    -1.816     0.00    0.00
 102197.149    -1.816     0.00    0.00
 102569.477    -1.816     0.00    0.00
 102941.907    -1.816     0.00    0.00
 103314.438    -1.816     0.00    0.00
 103687.071    -1.816     0.00    0.00
 104059.806    -1.816     0.00    0.00
 104432.643    -1.816     0.00    0.00
 104805.581    -1.816     0.00    0.00
 105178.622    -1.816     0.00    0.00
 105551.765    -1.816     0.00    0.00
 105925.009    -1.816     0.00    0.00
 106298.356    -1.816     0.00    0.00
 106671.806    -1.816     0.00    0.00
 107045.357    -1.816     0.00    0.00
 107419.012    -1.816     0.00    0.00
 107792.769    -1.816     0.00    0.00
 108166.628    -1.816     0.00    0.00
 108540.590    -1.816     0.00    0.00
 108914.655    -1.816     0.00    0.00
 109288.823    -1.816     0.00    0.00
 109663.094    -1.816     0.00    0.00
 110037.469    -1.816     0.00    0.00
 110411.946    -1.816     0.00    0.00
 110786.526    -1.816     0.00    0.00
 111161.210    -1.816     0.00    0.00
 111535.998    -1.816     0.00    0.00
 111910.889    -1.816     0.00    0.00
 112285.883    -1.816     0.00    0.00
 112660.981    -1.816     0.00    0.00
 113036.184    -1.816     0.00    0.00
 113411.489    -1.816     0.00    0.00
 113786.899    -1.816     0.00    0.00
 114162.413    -1.816     0.00    0.00
 114538.031    -1.816     0.00    0.00
 114913.754    -1.816     0.00    0.00
 115289.580    -1.816     0.00    0.00
 115665.511    -1.816     0.00    0.00
 116041.547    -1.816     0.00    0.00
 116417.687    -1.816     0.00    0.00
 116793.932    -1.816     0.00    0.00
 117170.281    -1.816     0.00    0.00
 117546.736    -1.816     0.00    0.00
 117923.295    -1.816     0.00    0.00
 118299.959    -1.816     0.00    0.00
 118676.729    -1.816     0.00    0.00
 119053.604    -1.816     0.00    0.00
 119430.584    -1.816     0.00    0.00
 119807.669    -1.816     0.00    0.00
 120184.860    -1.816     0.00    0.00
 120562.156    -1.816     0.00    0.00
 120939.558    -1.816     0.00    0.00
 121317.066    -1.816     0.00    0.00
 121694.680    -1.816     0.00    0.00
 122072.399    -1.816     0.00    0.00
 122450.225    -1.816     0.00    0.00
 122828.156    -1.816     0.00    0.00
 123206.194    -1.816     0.00    0.00
 123584.338    -1.816     0.00    0.00
 123962.589    -1.816     0.00    0.00
 124340.946    -1.816     0.00    0.00
 124719.409    -1.816     0.00    0.00
 125097.980    -1.816     0.00    0.00
 125476.656    -1.816     0.00    0.00
 125855.440    -1.816     0.00    0.00
 126234.331    -1.816     0.00    0.00
 126613.329    -1.816     0.00    0.00
 126992.433    -1.816     0.00    0.00
 127371.645    -1.816     0.00    0.00
 127750.965    -1.816     0.00    0.00
 128130.391    -1.816     0.00    0.00
 128509.925    -1.816     0.00    0.00
 128889.567    -1.816     0.00    0.00
 129269.316    -1.816     0.00    0.00
 129649.173    -1.816     0.00    0.00
 130029.138    -1.816     0.00    0.00
 130409.211    -1.816     0.00    0.00
 130789.392    -1.816     0.00    0.00
 131169.681    -1.816     0.00    0.00
 131550.078    -1.816     0.00    0.00
 131930.584    -1.816     0.00    0.00
 132311.198    -1.816     0.00    0.00
 132691.920    -1.816     0.00    0.00
 133072.751    -1.816     0.00    0.00
 133453.691    -1.816     0.00    0.00
 133834.740    -1.816     0.00    0.00
 134215.897    -1.816     0.00    0.00
 134597.163    -1.816     0.00    0.00
 134978.539    -1.816     0.00    0.00
 135360.023    -1.816     0.00    0.00
 135741.617    -1.816     0.00    0.00
 136123.320    -1.816     0.00    0.00
 136505.133    -1.816     0.00    0.00
 136887.055    -1.816     0.00    0.00
 137269.086    -1.816     0.00    0.00
 137651.228    -1.816     0.00    0.00
 138033.479    -1.816     0.00    0.00
 138415.840    -1.816     0.00    0.00
 138798.312    -1.816     0.00    0.00
 139180.893    -1.816     0.00    0.00
 139563.584    -1.816     0.00    0.00
