# NaN NaN NaN ;Mean Elev.(m), Avg Gradient(m/km), RMS Gradient(m/km) - SRTM1     
#    7.002  -7.696  27.089 ;Mean Elev.(m), Avg Gradient(m/km), RMS Gradient(m/km) - ASTER GDEM
#    1.103   0.908  26.381 ;Mean Elev.(m), Avg Gradient(m/km), RMS Gradient(m/km) - GMTED2010 
  9    84.127 52522.15827113  3.46 121.748326  72.724693  4.209
  9    85.324 52522.15827178  2.43 121.742546  72.721823  4.209
  9    70.941 52522.15827242  4.17 121.736766  72.718943  4.209
  9     4.504 52522.15827371 10.49 121.725216  72.713203  4.209
 11    -0.598 52592.15831699 21.17 121.754918  72.724016  6.165
 11    -0.307 52592.15831764 21.72 121.749138  72.721146  6.165
 11    -0.164 52592.15831828 21.72 121.743358  72.718276  6.165
 11    -0.103 52592.15831893 21.53 121.737578  72.715396  6.165
 11    -0.231 52592.15831957 20.98 121.731798  72.712526  6.165
 12    -0.101 52627.15823457 15.05 121.776940  72.715323  4.598
 12     0.208 52627.15823521 14.78 121.771160  72.712453  4.598
 12     0.012 52627.15823586 15.25 121.765380  72.709583  4.598
 12     0.183 52627.15823650 14.99 121.759600  72.706713  4.598
 13    -0.374 52662.15828057 14.48 121.755718  72.722002  4.946
 13    -0.001 52662.15828121 14.42 121.749938  72.719132  4.946
 13     0.095 52662.15828186 13.81 121.744158  72.716262  4.946
 13     0.418 52662.15828250 13.12 121.738378  72.713382  4.946
 13     0.298 52662.15828315 13.80 121.732608  72.710512  4.946
 14     1.215 52697.15825853 11.15 121.771845  72.714018  7.630
 14     1.757 52697.15825917 10.33 121.766065  72.711148  7.630
 14     1.716 52697.15825982 10.09 121.760285  72.708278  7.630
 14     1.783 52697.15826046  9.43 121.754505  72.705408  7.630
 15     5.504 52732.15828164  7.20 121.757884  72.719532  6.609
 15     7.545 52732.15828229  6.85 121.752104  72.716662  6.609
 15     8.461 52732.15828293  6.07 121.746324  72.713782  6.609
 15     9.565 52732.15828358  5.03 121.740544  72.710912  6.609
 15     8.484 52732.15828422  4.85 121.734774  72.708042  6.609
 16     6.403 52767.15828966  4.55 121.742484  72.727688  7.743
 16     7.147 52767.15829031  3.70 121.736704  72.724818  7.743
 16     6.948 52767.15829095  4.79 121.730924  72.721938  7.743
 16     1.939 52767.15829160  6.13 121.725144  72.719068  7.743
 16     1.640 52767.15829224  6.63 121.719364  72.716188  7.743
 18     5.954 52837.15836492 10.38 121.763442  72.715435 11.426
 18     4.623 52837.15836557 12.42 121.757662  72.712565 11.426
 18     5.922 52837.15836621 12.92 121.751882  72.709695 11.426
 18     4.670 52837.15836686 17.28 121.746102  72.706815 11.426
 21     0.630 52942.15832406 15.96 121.775347  72.715488  5.360
 21     0.465 52942.15832471 15.92 121.769557  72.712608  5.360
 21     0.548 52942.15832535 16.47 121.763777  72.709738  5.360
 21     0.210 52942.15832600 16.04 121.757997  72.706868  5.360
 23    -0.296 53012.15837854  8.22 121.753834  72.724366  3.359
 23    -0.045 53012.15837918  8.45 121.748054  72.721496  3.359
 23     0.253 53012.15837983  8.28 121.742274  72.718626  3.359
 23     0.200 53012.15838047  7.59 121.736494  72.715746  3.359
 23     0.046 53012.15838111  7.59 121.730714  72.712876  3.359
 24     6.967 53047.15834634  4.97 121.763661  72.716662  9.090
 24     1.364 53047.15834699  5.79 121.757881  72.713792  9.090
 24     1.753 53047.15834763  5.48 121.752101  72.710922  9.090
 24     1.607 53047.15834827  5.95 121.746321  72.708042  9.090
 26     1.228 53117.15835111  6.41 121.764091  72.718992  7.118
 26     1.789 53117.15835175  5.59 121.758311  72.716122  7.118
 26     2.468 53117.15835240  5.46 121.752531  72.713252  7.118
 26     2.143 53117.15835304  4.64 121.746751  72.710372  7.118
 26     2.350 53117.15835369  4.72 121.740971  72.707502  7.118
 27     0.937 53152.15840000 35.09 121.755754  72.720731 23.029
 27     1.018 53152.15840065 28.02 121.749974  72.717861 23.029
 27     0.613 53152.15840129 25.28 121.744194  72.714991 23.029
 27     0.991 53152.15840193 21.86 121.738414  72.712111 23.029
 27     0.327 53152.15840258 20.22 121.732634  72.709241 23.029
 29     3.887 53222.15840988 14.78 121.752398  72.721813 12.087
 29     3.853 53222.15841052 14.69 121.746618  72.718943 12.087
 29     4.921 53222.15841117 19.36 121.740838  72.716063 12.087
 29     4.794 53222.15841181 20.77 121.735058  72.713193 12.087
 29     1.199 53222.15841246 22.88 121.729288  72.710323 12.087
 30    -0.995 53257.15838551 23.15 121.743386  72.726031  9.734
 30    -0.649 53257.15838615 25.10 121.737596  72.723161  9.734
 30    -0.508 53257.15838680 19.54 121.731816  72.720291  9.734
 30     0.289 53257.15838744 24.84 121.726046  72.717411  9.734
 30     0.177 53257.15838808 22.75 121.720266  72.714541  9.734
 31    -0.299 53292.15840313 35.55 121.763549  72.719074 11.260
 31    -0.151 53292.15840377 36.97 121.757769  72.716204 11.260
 31    -0.292 53292.15840442 36.99 121.751989  72.713324 11.260
 31    -0.095 53292.15840506 37.50 121.746209  72.710454 11.260
 31    -0.294 53292.15840571 33.89 121.740429  72.707584 11.260
 32     0.049 53327.15837697 17.93 121.758471  72.722120  5.115
 32     0.214 53327.15837762 17.85 121.752691  72.719250  5.115
 32     0.176 53327.15837826 17.27 121.746911  72.716380  5.115
 32     0.170 53327.15837891 17.80 121.741131  72.713500  5.115
 32     0.257 53327.15837955 16.74 121.735361  72.710630  5.115
 33     0.611 53362.15833253 13.50 121.753204  72.724209  4.505
 33     0.449 53362.15833317 14.68 121.747424  72.721339  4.505
 33     0.713 53362.15833381 13.67 121.741644  72.718459  4.505
 33     0.697 53362.15833446 13.95 121.735864  72.715589  4.505
 33     0.730 53362.15833510 12.99 121.730094  72.712719  4.505
 35     0.109 53432.15834539  8.35 121.748969  72.723058  3.469
 35     0.125 53432.15834604  8.60 121.743189  72.720178  3.469
 35     0.315 53432.15834668  7.96 121.737409  72.717308  3.469
 35     0.162 53432.15834732  8.09 121.731639  72.714438  3.469
 35     0.155 53432.15834797  7.68 121.725859  72.711558  3.469
 36     0.988 53467.15838068  7.56 121.766555  72.716568  9.834
 36     1.033 53467.15838133  6.54 121.760775  72.713698  9.834
 36     1.024 53467.15838197  6.56 121.754995  72.710828  9.834
 36     1.417 53467.15838262  6.68 121.749215  72.707958  9.834
 37     1.319 53502.15843294  7.53 121.754745  72.723128  9.677
 37     1.306 53502.15843358  8.39 121.748965  72.720258  9.677
 37     2.293 53502.15843422  9.37 121.743175  72.717378  9.677
 37     2.681 53502.15843487  9.23 121.737405  72.714508  9.677
 37     3.172 53502.15843551  8.15 121.731625  72.711638  9.677
 38     9.816 53537.15842558 11.03 121.754311  72.721698 10.239
 38    11.879 53537.15842623  9.86 121.748531  72.718828 10.239
 38    86.964 53537.15842687  5.45 121.742751  72.715958 10.239
 38    85.762 53537.15842752  5.31 121.736971  72.713078 10.239
 38    67.755 53537.15842816  8.46 121.731201  72.710208 10.239
 39    -0.215 53572.15842961 13.01 121.754838  72.725531  9.347
 39     0.048 53572.15843026 13.56 121.749058  72.722661  9.347
 39     0.613 53572.15843090 12.56 121.743278  72.719791  9.347
 39     0.225 53572.15843155 16.60 121.737498  72.716911  9.347
 39     0.369 53572.15843219 16.86 121.731718  72.714041  9.347
 39     0.252 53572.15843284 16.57 121.725948  72.711171  9.347
 41     3.568 53642.15838026 14.18 121.765065  72.716204  9.805
 41     4.104 53642.15838090 14.38 121.759285  72.713334  9.805
 41     5.188 53642.15838154 16.92 121.753505  72.710464  9.805
 41     5.830 53642.15838219 21.48 121.747725  72.707584  9.805
 42    -0.216 53677.15839868 21.61 121.753043  72.722014  6.955
 42    -0.102 53677.15839932 23.19 121.747263  72.719134  6.955
 42    -0.112 53677.15839997 23.83 121.741483  72.716264  6.955
 42     0.073 53677.15840061 23.96 121.735703  72.713394  6.955
 42     0.031 53677.15840125 22.17 121.729923  72.710514  6.955
 43    -0.454 53712.15832748 13.65 121.749022  72.724394  4.819
 43    -0.514 53712.15832813 14.99 121.743242  72.721524  4.819
 43    -0.150 53712.15832877 15.08 121.737462  72.718644  4.819
 43    -0.153 53712.15832942 14.25 121.731682  72.715774  4.819
 43    -0.050 53712.15833006 13.40 121.725912  72.712904  4.819
 44    -0.014 53747.15824040 10.24 121.774848  72.714217  3.416
 44     0.065 53747.15824105 10.30 121.769068  72.711347  3.416
 44     0.580 53747.15824169  9.91 121.763288  72.708467  3.416
 44     0.474 53747.15824234  9.30 121.757508  72.705597  3.416
 45    -0.034 53782.15827079  8.77 121.758352  72.720945  3.767
 45     0.005 53782.15827143  9.47 121.752572  72.718065  3.767
 45     0.180 53782.15827208  9.02 121.746792  72.715195  3.767
 45     0.346 53782.15827272  8.42 121.741012  72.712325  3.767
 45     0.249 53782.15827336  7.91 121.735232  72.709445  3.767
 46     0.444 53817.15823559  7.65 121.746491  72.728868  3.425
 46     3.152 53817.15823623  6.86 121.740711  72.725998  3.425
 46     1.472 53817.15823688  6.83 121.734931  72.723128  3.425
 46     1.197 53817.15823752  7.95 121.729155  72.720256  4.694
 46     1.294 53817.15823817  6.83 121.723375  72.717376  4.694
 47     1.071 53852.15830923  7.41 121.760871  72.717469  6.410
 47     1.429 53852.15830987  6.58 121.755091  72.714589  6.410
 47     1.214 53852.15831052  6.12 121.749311  72.711719  6.410
 47     1.628 53852.15831116  6.60 121.743531  72.708849  6.410
 49     0.053 53922.15838602 21.19 121.752908  72.722293 12.353
 49     0.213 53922.15838667 21.18 121.747118  72.719423 12.353
 49     0.261 53922.15838731 26.78 121.741338  72.716553 12.353
 49     0.469 53922.15838795 27.60 121.735568  72.713683 12.353
 49     0.424 53922.15838860 23.63 121.729788  72.710803 12.353
 50     0.682 53957.15838074 42.87 121.750410  72.724746  7.304
 50    -0.093 53957.15838138 26.11 121.744634  72.721869 11.961
 50    -0.137 53957.15838202 27.15 121.738854  72.718999 11.961
 50    -0.229 53957.15838267 37.45 121.733074  72.716119 11.961
 50     0.333 53957.15838331 40.64 121.727294  72.713249 11.961
 51     1.152 53992.15830613 23.48 121.765955  72.707926 11.318
 51    -0.147 53992.15830677 31.39 121.760175  72.705056 11.318
 52    -0.028 54027.15836842 30.92 121.766578  72.716107 10.265
 52     0.303 54027.15836906 32.99 121.760798  72.713227 10.265
 52     0.217 54027.15836970 32.96 121.755018  72.710357 10.265
 52    -0.049 54027.15837035 30.81 121.749238  72.707487 10.265
 53    -0.050 54062.15836178 18.03 121.756653  72.719544  4.773
 53     0.127 54062.15836242 17.87 121.750873  72.716674  4.773
 53     0.149 54062.15836306 17.36 121.745093  72.713794  4.773
 53     0.096 54062.15836371 17.38 121.739313  72.710924  4.773
 55     0.828 54132.15828401  8.83 121.768025  72.715605  7.921
 55     0.931 54132.15828466  9.50 121.762245  72.712735  7.921
 55     1.426 54132.15828530 10.34 121.756465  72.709865  7.921
 55     1.674 54132.15828595  8.92 121.750685  72.706995  7.921
 56     0.307 54167.15830485  8.21 121.752710  72.725354  6.741
 56     0.883 54167.15830550  7.67 121.746930  72.722474  6.741
 56     0.840 54167.15830614  7.61 121.741150  72.719604  6.741
 56     1.035 54167.15830679  7.49 121.735370  72.716734  6.741
 56     1.369 54167.15830743  7.32 121.729590  72.713854  6.741
 57     1.175 54202.15828759  5.87 121.762868  72.716016  8.082
 57     1.199 54202.15828823  8.51 121.757088  72.713146  8.082
 57     2.028 54202.15828887  6.04 121.751308  72.710276  8.082
 57     2.818 54202.15828952  4.72 121.745528  72.707396  8.082
 59     4.426 54272.15834215 14.25 121.755326  72.720914  5.977
 59     5.259 54272.15834280 15.38 121.749546  72.718044  5.977
 59     2.846 54272.15834344 18.44 121.743766  72.715164  5.977
 59     6.005 54272.15834409 20.05 121.737986  72.712294  5.977
 61   117.421 54342.15832413  1.84 121.751679  72.724802  2.576
 61   110.153 54342.15832478  1.61 121.745899  72.721922  2.576
 62     0.773 54377.15827999 14.92 121.759731  72.717369 12.702
 62     1.146 54377.15828063 15.83 121.753951  72.714489 12.702
 62     1.470 54377.15828128 18.06 121.748171  72.711619 12.702
 62     1.383 54377.15828192 16.56 121.742401  72.708749 12.702
 63    -0.048 54412.15827171 18.20 121.755001  72.721868  5.429
 63    -0.302 54412.15827235 19.61 121.749221  72.718998  5.429
 63    -0.059 54412.15827300 18.32 121.743441  72.716128  5.429
 63    -0.137 54412.15827364 18.91 121.737671  72.713258  5.429
 63    -0.116 54412.15827429 17.55 121.731891  72.710378  5.429
 64     0.345 54447.15824505 12.52 121.767304  72.716567  4.089
 64     0.478 54447.15824569 11.81 121.761524  72.713697  4.089
 64     0.449 54447.15824633 11.50 121.755744  72.710827  4.089
 64     0.597 54447.15824698 10.88 121.749964  72.707957  4.089
 66     0.684 54517.15825887  6.57 121.768238  72.717507  9.466
 66     1.696 54517.15825952  6.83 121.762458  72.714637  9.466
 66     1.895 54517.15826016  6.61 121.756678  72.711767  9.466
 66     2.258 54517.15826081  5.63 121.750898  72.708897  9.466
 66     2.299 54517.15826145  5.87 121.745118  72.706017  9.466
 67     1.111 54552.15827729  6.56 121.742612  72.720396  8.129
 67     2.069 54552.15827794  5.04 121.736832  72.717516  8.129
 67     2.009 54552.15827858  6.24 121.731052  72.714646  8.129
 67     1.835 54552.15827922  4.94 121.725282  72.711776  8.129
 68     0.777 54587.15825423  6.09 121.761335  72.719859  8.551
 68     1.473 54587.15825488  5.12 121.755555  72.716979  8.551
 68     1.826 54587.15825552  5.61 121.749775  72.714109  8.551
 68     1.986 54587.15825617  5.17 121.743995  72.711239  8.551
 68     2.520 54587.15825681  4.80 121.738215  72.708359  8.551
 70    -0.091 54657.15828193 16.35 121.758670  72.722956 10.517
 70     0.250 54657.15828258 17.16 121.752890  72.720086 10.517
 70     0.547 54657.15828322 21.16 121.747110  72.717206 10.517
 70     0.471 54657.15828386 24.98 121.741330  72.714336 10.517
 70     1.818 54657.15828451 21.60 121.735550  72.711466 10.517
 71     0.178 54692.15826556 17.53 121.751624  72.722119 13.628
 71     0.196 54692.15826621 20.56 121.745844  72.719249 13.628
 71     0.029 54692.15826685 25.00 121.740064  72.716379 13.628
 71     0.092 54692.15826750 31.01 121.734284  72.713499 13.628
 71    -0.001 54692.15826814 43.09 121.728514  72.710629 13.628
 73     0.137 54762.15824292 27.06 121.755392  72.721334  8.719
 73     0.442 54762.15824356 28.07 121.749612  72.718464  8.719
 73     0.496 54762.15824421 29.71 121.743832  72.715584  8.719
 73     0.510 54762.15824485 30.04 121.738052  72.712714  8.719
 73     0.709 54762.15824550 29.90 121.732282  72.709844  8.719
 74    -0.086 54797.15822873 15.71 121.766353  72.715372  5.007
 74    -0.001 54797.15822937 15.81 121.760573  72.712502  5.007
 74     0.333 54797.15823001 14.97 121.754793  72.709632  5.007
 74     0.658 54797.15823066 14.88 121.749013  72.706752  5.007
 75     0.104 54832.15823216 13.46 121.756996  72.722006  4.721
 75    -0.038 54832.15823280 14.55 121.751216  72.719136  4.721
 75     0.464 54832.15823345 14.36 121.745436  72.716266  4.721
 75     0.534 54832.15823409 14.37 121.739656  72.713396  4.721
 75     0.678 54832.15823474 13.50 121.733876  72.710516  4.721
 76     1.173 54867.15822435 11.71 121.765075  72.715467  9.409
 76     1.965 54867.15822499 12.31 121.759285  72.712597  9.409
 76     1.829 54867.15822564 11.43 121.753515  72.709727  9.409
 76     1.692 54867.15822628 12.29 121.747735  72.706847  9.409
 77     0.862 54902.15824227  9.97 121.750031  72.724339 12.786
 77     1.361 54902.15824291 11.42 121.744251  72.721469 12.786
 77     1.710 54902.15824355 11.64 121.738471  72.718589 12.786
 77     2.021 54902.15824420 11.62 121.732691  72.715719 12.786
 77     2.159 54902.15824484 12.35 121.726921  72.712849 12.786
 78     1.758 54937.15821374  7.75 121.762754  72.718547  9.891
 78     2.035 54937.15821438  6.91 121.756974  72.715677  9.891
 78     2.688 54937.15821503  6.84 121.751194  72.712807  9.891
 78     2.983 54937.15821567  6.64 121.745414  72.709927  9.891
 78     2.794 54937.15821632  6.57 121.739634  72.707057  9.891
 79     2.689 54972.15824632  5.16 121.760797  72.720508  7.982
 79     3.705 54972.15824696  3.98 121.755017  72.717628  7.982
 79     3.887 54972.15824761  4.35 121.749237  72.714758  7.982
 79     4.147 54972.15824825  3.44 121.743457  72.711888  7.982
 79     4.721 54972.15824890  3.09 121.737677  72.709018  7.982
 80     8.170 55007.15826394 40.97 121.753787  72.721950 23.609
 80     7.057 55007.15826459 40.15 121.748007  72.719080 23.609
 80     7.500 55007.15826523 40.96 121.742227  72.716200 23.609
 80     7.412 55007.15826588 40.69 121.736447  72.713330 23.609
 80     9.798 55007.15826652 40.18 121.730677  72.710460 23.609
 81     2.082 55042.15825242 12.91 121.759802  72.721748 12.389
 81     3.523 55042.15825307 12.07 121.754022  72.718878 12.389
 81     3.540 55042.15825371 16.42 121.748242  72.715998 12.389
 81     3.453 55042.15825436 16.56 121.742462  72.713128 12.389
 81     4.147 55042.15825500 16.03 121.736682  72.710258 12.389
 83     0.132 55112.15818558 45.27 121.761587  72.718050 12.763
 83     0.185 55112.15818622 46.07 121.755807  72.715170 12.763
 83    -0.190 55112.15818687 45.49 121.750027  72.712300 12.763
 83    -0.223 55112.15818751 39.93 121.744247  72.709430 12.763
 84     0.558 55147.15818650 15.79 121.757129  72.722801  5.539
 84     0.385 55147.15818715 17.50 121.751349  72.719931  5.539
 84     0.276 55147.15818779 18.53 121.745569  72.717061  5.539
 84     0.590 55147.15818843 17.70 121.739789  72.714181  5.539
 84     0.566 55147.15818908 16.44 121.734009  72.711311  5.539
 85     0.130 55182.15816549  9.37 121.765600  72.715295  3.355
 85     0.288 55182.15816614  9.41 121.759810  72.712425  3.355
 85     0.606 55182.15816678  8.71 121.754040  72.709545  3.355
 85     0.381 55182.15816743  8.46 121.748260  72.706675  3.355
 86     6.745 55217.15818191  9.29 121.756601  72.723995 21.768
 86     7.834 55217.15818256 11.44 121.750821  72.721115 21.768
 86     2.418 55217.15818320 15.37 121.745041  72.718245 21.768
 86     2.754 55217.15818384 18.58 121.739261  72.715375 21.768
 86     1.644 55217.15818449 21.42 121.733481  72.712495 21.768
 87     1.760 55252.15816190  8.41 121.763393  72.716242 10.993
 87     1.907 55252.15816254  9.18 121.757613  72.713372 10.993
 87     3.051 55252.15816319  6.19 121.751833  72.710502 10.993
 87     3.778 55252.15816383  5.90 121.746053  72.707622 10.993
 91    -0.083 55392.15815212 16.50 121.760137  72.717593 10.448
 91     0.503 55392.15815277 14.78 121.754357  72.714723 10.448
 91    -0.243 55392.15815341 22.15 121.748577  72.711853 10.448
 91     0.483 55392.15815406 23.39 121.742797  72.708983 10.448
