# NaN NaN NaN ;Mean Elev.(m), Avg Gradient(m/km), RMS Gradient(m/km) - SRTM1     
#    8.921     NaN     NaN ;Mean Elev.(m), Avg Gradient(m/km), RMS Gradient(m/km) - ASTER GDEM
#    5.681  -5.004  30.413 ;Mean Elev.(m), Avg Gradient(m/km), RMS Gradient(m/km) - GMTED2010 
  7 122.124549  72.547311     3.911     3.911  2 52468.15635330 16.818
  8 122.118268  72.547609     4.183     4.183  2 52503.15634262 17.081
 12 122.133518  72.544127     1.847     1.666  3 52643.15632167  8.672
 17 122.140838  72.543375     5.969     5.969  2 52818.15638612 22.519
 18 122.134546  72.543922     5.444     5.681  3 52853.15643597 26.033
 26 122.137024  72.543038     2.204     2.204  2 53133.15638712  5.237
 28 122.127294  72.546252     3.767     3.767  2 53203.15646189 14.668
 29 122.120295  72.546538     4.744     4.744  2 53238.15643077 12.184
 34 122.130595  72.546153     2.339     2.339  2 53413.15639230  5.647
 38 122.120411  72.547754     2.949     2.949  2 53553.15648667 43.483
 39 122.120048  72.546355     1.813     1.813  2 53588.15643716 42.975
 41 122.133500  72.544390    70.591    70.703  3 53658.15643562  4.789
 43 122.110901  72.549178     3.988     3.988  2 53728.15634030  5.830
 45 122.120375  72.549357     4.172     4.172  2 53798.15630786  4.007
 47 122.130988  72.544247     2.026     2.026  2 53868.15636805  5.391
 49 122.122153  72.548058     4.540     4.540  2 53938.15643553 16.120
 50 122.113571  72.548324    78.645    78.645  2 53973.15639836  0.970
 52 122.139250  72.544409     4.043     4.043  2 54043.15640991 17.038
 56 122.110667  72.549916     2.977     3.261  3 54183.15633074  6.949
 57 122.133402  72.544642     3.090     3.090  2 54218.15635685  4.212
 58 122.130377  72.547336     8.423     8.423  2 54253.15638161 25.847
 60 122.125257  72.545485     5.097     5.097  2 54323.15638362 15.352
 65 122.119201  72.546273     6.846     6.846  2 54498.15630020  3.835
 66 122.129295  72.544455     3.850     3.850  2 54533.15631611  3.575
 67 122.113747  72.549699     5.327     4.853  3 54568.15630408  3.890
 68 122.129576  72.545677    76.813    76.813  2 54603.15631073  0.735
 69 122.124483  72.547180     5.632     5.632  2 54638.15632167 22.986
 70 122.121218  72.545987     5.687     5.687  2 54673.15632493 17.288
 71 122.119714  72.549053     4.566     4.566  2 54708.15628316 20.936
 74 122.133681  72.543054     1.819     1.819  2 54813.15628420 12.710
 75 122.119435  72.548005     2.618     2.618  2 54848.15626533 11.065
 76 122.129953  72.545103     5.723     5.723  2 54883.15628741 10.041
 80 122.125558  72.548023     1.350     1.350  2 55023.15629756 42.672
 81 122.125446  72.547667     3.040     3.040  2 55058.15629301 14.970
 82 122.112336  72.549391     5.285     5.285  2 55093.15624810 13.450
 83 122.127791  72.545261     3.618     3.618  2 55128.15623403 16.369
 84 122.120076  72.546859     3.749     3.749  2 55163.15620990  6.007
 85 122.135175  72.545888     1.169     1.169  2 55198.15622487  6.215
 86 122.117404  72.549953     2.176     2.176  2 55233.15621384  7.150
 89 122.125287  72.546578     3.931     3.931  2 55338.15619319 27.653
 90 122.126770  72.548255     4.457     4.457  2 55373.15618362 24.350
