-114455.960    -1.087     0.00    0.00
-114075.961    -1.087     0.00    0.00
-113696.069    -1.087     0.00    0.00
-113316.285    -1.087     0.00    0.00
-112936.609    -1.087     0.00    0.00
-112557.039    -1.087     0.00    0.00
-112177.577    -1.087     0.00    0.00
-111798.221    -1.087     0.00    0.00
-111418.973    -1.087     0.00    0.00
-111039.831    -1.087     0.00    0.00
-110660.797    -1.087     0.00    0.00
-110281.869    -1.087     0.00    0.00
-109903.047    -1.087     0.00    0.00
-109524.333    -1.087     0.00    0.00
-109145.724    -1.087     0.00    0.00
-108767.222    -1.087     0.00    0.00
-108388.826    -1.087     0.00    0.00
-108010.537    -1.087     0.00    0.00
-107632.353    -1.087     0.00    0.00
-107254.276    -1.087     0.00    0.00
-106876.304    -1.087     0.00    0.00
-106498.438    -1.087     0.00    0.00
-106120.678    -1.087     0.00    0.00
-105743.023    -1.087     0.00    0.00
-105365.474    -1.087     0.00    0.00
-104988.031    -1.087     0.00    0.00
-104610.693    -1.087     0.00    0.00
-104233.460    -1.087     0.00    0.00
-103856.332    -1.087     0.00    0.00
-103479.309    -1.087     0.00    0.00
-103102.391    -1.087     0.00    0.00
-102725.579    -1.087     0.00    0.00
-102348.871    -1.087     0.00    0.00
-101972.268    -1.087     0.00    0.00
-101595.769    -1.087     0.00    0.00
-101219.375    -1.087     0.00    0.00
-100843.085    -1.087     0.00    0.00
-100466.900    -1.087     0.00    0.00
-100090.819    -1.087     0.00    0.00
 -99714.843    -1.087     0.00    0.00
 -99338.970    -1.087     0.00    0.00
 -98963.202    -1.087     0.00    0.00
 -98587.537    -1.087     0.00    0.00
 -98211.976    -1.087     0.00    0.00
 -97836.519    -1.087     0.00    0.00
 -97461.166    -1.087     0.00    0.00
 -97085.916    -1.087     0.00    0.00
 -96710.770    -1.087     0.00    0.00
 -96335.727    -1.087     0.00    0.00
 -95960.788    -1.087     0.00    0.00
 -95585.952    -1.087     0.00    0.00
 -95211.219    -1.087     0.00    0.00
 -94836.589    -1.087     0.00    0.00
 -94462.062    -1.087     0.00    0.00
 -94087.638    -1.087     0.00    0.00
 -93713.317    -1.087     0.00    0.00
 -93339.098    -1.087     0.00    0.00
 -92964.982    -1.087     0.00    0.00
 -92590.969    -1.087     0.00    0.00
 -92217.058    -1.087     0.00    0.00
 -91843.250    -1.087     0.00    0.00
 -91469.544    -1.087     0.00    0.00
 -91095.940    -1.087     0.00    0.00
 -90722.438    -1.087     0.00    0.00
 -90349.039    -1.087     0.00    0.00
 -89975.741    -1.087     0.00    0.00
 -89602.545    -1.087     0.00    0.00
 -89229.451    -1.087     0.00    0.00
 -88856.459    -1.087     0.00    0.00
 -88483.568    -1.087     0.00    0.00
 -88110.779    -1.087     0.00    0.00
 -87738.091    -1.087     0.00    0.00
 -87365.505    -1.087     0.00    0.00
 -86993.020    -1.087     0.00    0.00
 -86620.636    -1.087     0.00    0.00
 -86248.353    -1.087     0.00    0.00
 -85876.172    -1.087     0.00    0.00
 -85504.091    -1.087     0.00    0.00
 -85132.111    -1.087     0.00    0.00
 -84760.232    -1.087     0.00    0.00
 -84388.454    -1.087     0.00    0.00
 -84016.776    -1.087     0.00    0.00
 -83645.199    -1.087     0.00    0.00
 -83273.722    -1.087     0.00    0.00
 -82902.346    -1.087     0.00    0.00
 -82531.070    -1.087     0.00    0.00
 -82159.894    -1.087     0.00    0.00
 -81788.818    -1.087     0.00    0.00
 -81417.843    -1.087     0.00    0.00
 -81046.967    -1.087     0.00    0.00
 -80676.192    -1.087     0.00    0.00
 -80305.516    -1.087     0.00    0.00
 -79934.939    -1.087     0.00    0.00
 -79564.463    -1.087     0.00    0.00
 -79194.086    -1.087     0.00    0.00
 -78823.808    -1.087     0.00    0.00
 -78453.630    -1.087     0.00    0.00
 -78083.551    -1.087     0.00    0.00
 -77713.572    -1.087     0.00    0.00
 -77343.691    -1.087     0.00    0.00
 -76973.910    -1.087     0.00    0.00
 -76604.227    -1.087     0.00    0.00
 -76234.644    -1.087     0.00    0.00
 -75865.159    -1.087     0.00    0.00
 -75495.773    -1.087     0.00    0.00
 -75126.486    -1.087     0.00    0.00
 -74757.298    -1.087     0.00    0.00
 -74388.208    -1.087     0.00    0.00
 -74019.216    -1.087     0.00    0.00
 -73650.323    -1.087     0.00    0.00
 -73281.527    -1.087     0.00    0.00
 -72912.831    -1.087     0.00    0.00
 -72544.232    -1.087     0.00    0.00
 -72175.731    -1.087     0.00    0.00
 -71807.328    -1.087     0.00    0.00
 -71439.023    -1.087     0.00    0.00
 -71070.816    -1.087     0.00    0.00
 -70702.707    -1.087     0.00    0.00
 -70334.695    -1.087     0.00    0.00
 -69966.781    -1.087     0.00    0.00
 -69598.964    -1.087     0.00    0.00
 -69231.245    -1.087     0.00    0.00
 -68863.623    -1.087     0.00    0.00
 -68496.098    -1.087     0.00    0.00
 -68128.671    -1.087     0.00    0.00
 -67761.340    -1.087     0.00    0.00
 -67394.107    -1.087     0.00    0.00
 -67026.970    -1.087     0.00    0.00
 -66659.930    -1.087     0.00    0.00
 -66292.987    -1.087     0.00    0.00
 -65926.141    -1.087     0.00    0.00
 -65559.391    -1.087     0.00    0.00
 -65192.738    -1.087     0.00    0.00
 -64826.182    -1.087     0.00    0.00
 -64459.721    -1.087     0.00    0.00
 -64093.357    -1.087     0.00    0.00
 -63727.090    -1.087     0.00    0.00
 -63360.918    -1.087     0.00    0.00
 -62994.843    -1.087     0.00    0.00
 -62628.863    -1.087     0.00    0.00
 -62262.980    -1.087     0.00    0.00
 -61897.192    -1.087     0.00    0.00
 -61531.500    -1.087     0.00    0.00
 -61165.904    -1.087     0.00    0.00
 -60800.403    -1.087     0.00    0.00
 -60434.998    -1.087     0.00    0.00
 -60069.689    -1.087     0.00    0.00
 -59704.474    -1.087     0.00    0.00
 -59339.355    -1.087     0.00    0.00
 -58974.332    -1.087     0.00    0.00
 -58609.403    -1.087     0.00    0.00
 -58244.570    -1.087     0.00    0.00
 -57879.831    -1.087     0.00    0.00
 -57515.188    -1.087     0.00    0.00
 -57150.639    -1.087     0.00    0.00
 -56786.185    -1.087     0.00    0.00
 -56421.826    -1.087     0.00    0.00
 -56057.562    -1.087     0.00    0.00
 -55693.392    -1.087     0.00    0.00
 -55329.316    -1.087     0.00    0.00
 -54965.335    -1.087     0.00    0.00
 -54601.449    -1.087     0.00    0.00
 -54237.656    -1.087     0.00    0.00
 -53873.958    -1.087     0.00    0.00
 -53510.354    -1.087     0.00    0.00
 -53146.844    -1.087     0.00    0.00
 -52783.428    -1.087     0.00    0.00
 -52420.105    -1.087     0.00    0.00
 -52056.877    -1.087     0.00    0.00
 -51693.742    -1.087     0.00    0.00
 -51330.701    -1.087     0.00    0.00
 -50950.766    -1.087     0.00    0.00
 -50567.729    -1.087     0.00    0.00
 -50184.801    -1.087     0.00    0.00
 -49801.981    -1.087     0.00    0.00
 -49419.269    -1.087     0.00    0.00
 -49036.664    -1.087     0.00    0.00
 -48654.168    -1.087     0.00    0.00
 -48271.779    -1.087     0.00    0.00
 -47889.499    -1.087     0.00    0.00
 -47507.325    -1.087     0.00    0.00
 -47125.260    -1.087     0.00    0.00
 -46743.301    -1.087     0.00    0.00
 -46361.450    -1.087     0.00    0.00
 -45979.707    -1.087     0.00    0.00
 -45598.070    -1.087     0.00    0.00
 -45216.540    -1.087     0.00    0.00
 -44835.118    -1.087     0.00    0.00
 -44453.802    -1.087     0.00    0.00
 -44072.593    -1.087     0.00    0.00
 -43691.491    -1.087     0.00    0.00
 -43310.495    -1.087     0.00    0.00
 -42929.606    -1.087     0.00    0.00
 -42548.824    -1.087     0.00    0.00
 -42168.147    -1.087     0.00    0.00
 -41787.577    -1.087     0.00    0.00
 -41407.113    -1.087     0.00    0.00
 -41026.756    -1.087     0.00    0.00
 -40646.504    -1.087     0.00    0.00
 -40266.358    -1.087     0.00    0.00
 -39886.318    -1.087     0.00    0.00
 -39506.383    -1.087     0.00    0.00
 -39126.554    -1.087     0.00    0.00
 -38746.831    -1.087     0.00    0.00
 -38367.213    -1.087     0.00    0.00
 -37987.701    -1.087     0.00    0.00
 -37608.294    -1.087     0.00    0.00
 -37228.992    -1.087     0.00    0.00
 -36849.795    -1.087     0.00    0.00
 -36470.703    -1.087     0.00    0.00
 -36091.716    -1.087     0.00    0.00
 -35712.834    -1.087     0.00    0.00
 -35334.056    -1.087     0.00    0.00
 -34955.383    -1.087     0.00    0.00
 -34576.815    -1.087     0.00    0.00
 -34198.352    -1.087     0.00    0.00
 -33819.992    -1.087     0.00    0.00
 -33441.737    -1.087     0.00    0.00
 -33063.587    -1.087     0.00    0.00
 -32685.540    -1.087     0.00    0.00
 -32307.598    -1.087     0.00    0.00
 -31929.759    -1.087     0.00    0.00
 -31552.024    -1.087     0.00    0.00
 -31174.394    -1.087     0.00    0.00
 -30796.866    -1.087     0.00    0.00
 -30419.443    -1.087     0.00    0.00
 -30042.123    -1.087     0.00    0.00
 -29664.906    -1.087     0.00    0.00
 -29287.793    -1.087     0.00    0.00
 -28910.783    -1.087     0.00    0.00
 -28533.877    -1.087     0.00    0.00
 -28157.073    -1.087     0.00    0.00
 -27780.372    -1.087     0.00    0.00
 -27403.775    -1.087     0.00    0.00
 -27027.280    -1.087     0.00    0.00
 -26650.888    -1.087     0.00    0.00
 -26274.599    -1.087     0.00    0.00
 -25898.412    -1.087     0.00    0.00
 -25522.328     0.913     5.32    7.11
 -25146.346     7.115    16.49   14.54
 -24770.467    13.523    17.05   17.53
 -24394.690    20.765    19.27   15.95
 -24019.015    28.078    19.47   14.69
 -23643.442    40.059    31.90   19.67
 -23267.971    52.304    32.61   23.29
 -22892.602    61.417    24.28   17.14
 -22517.335    61.347    -0.19   15.87
 -22142.170    53.845   -20.00   18.69
 -21767.106    42.163   -31.15   16.50
 -21392.144    31.138   -29.40   16.94
 -21017.284    21.281   -26.30   13.63
 -20642.525    14.284   -18.67    8.20
 -20267.867    12.526    -4.69    5.60
 -19893.311    11.897    -1.68    4.69
 -19518.855     9.765    -5.69    5.12
 -19144.501     7.355    -6.44    5.55
 -18770.248     5.054    -6.15    4.48
 -18396.096     4.658    -1.06    4.52
 -18022.045     5.457     2.14    5.62
 -17648.094     9.281    10.23    7.19
 -17274.244    15.101    15.57    9.10
 -16900.495    22.329    19.34   12.87
 -16526.846    33.045    28.68   18.31
 -16153.298    41.429    22.44   18.85
 -15779.850    49.672    22.07   17.94
 -15406.503    55.162    14.70   18.66
 -15033.255    60.181    13.45   18.72
 -14660.108    67.535    19.71   15.10
 -14287.061    75.413    21.12   17.13
 -13914.113    86.067    28.57   18.65
 -13541.266    95.297    24.76   17.48
 -13168.518    95.743     1.20   18.03
 -12795.870    95.805     0.17   19.32
 -12423.322    99.247     9.24   18.17
 -12050.873   102.617     9.05   17.18
 -11678.524   106.225     9.69   11.43
 -11306.274   104.858    -3.67   10.80
 -10934.124   101.857    -8.06   10.88
 -10562.073    95.630   -16.74   10.22
 -10190.120    93.624    -5.39    9.84
  -9818.267    93.238    -1.04    9.51
  -9446.513    93.749     1.37   10.24
  -9074.858    92.242    -4.06   12.04
  -8703.302    83.277   -24.13   16.92
  -8331.844    68.811   -38.94   21.30
  -7960.485    58.126   -28.77   18.56
  -7589.225    51.057   -19.04   16.08
  -7218.063    49.992    -2.87   17.50
  -6847.000    49.276    -1.93   16.92
  -6476.035    48.867    -1.10   14.08
  -6105.168    48.317    -1.48   11.44
  -5734.400    47.405    -2.46   12.01
  -5363.730    47.567     0.44   13.48
  -4993.157    46.671    -2.42   13.39
  -4622.683    44.756    -5.17   12.12
  -4252.306    37.767   -18.87   11.86
  -3882.028    33.217   -12.29   10.70
  -3511.847    26.185   -19.00   11.26
  -3141.764    19.075   -19.21   11.09
  -2771.778    12.737   -17.13    8.17
  -2401.890     7.969   -12.89    6.31
  -2032.099     4.585    -9.15    5.02
  -1662.406     2.586    -5.41    3.73
  -1292.810     1.906    -1.84    2.52
   -923.311     1.819    -0.23    2.37
   -553.909     1.586    -0.63    2.13
   -184.604     0.898    -1.86    1.83
    184.604     4.867    10.75   14.34
    553.715    20.426    42.15   29.03
    922.729    44.820    66.11   38.56
   1291.646    70.485    69.57   35.04
   1660.467    90.985    55.58   23.29
   2029.191    94.053     8.32   20.00
   2397.819    92.139    -5.19   18.61
   2766.350    83.197   -24.26   15.76
   3134.785    77.288   -16.04    9.25
   3503.124    73.310   -10.80    9.03
   3871.367    68.339   -13.50   10.87
   4239.513    63.437   -13.31   10.94
   4607.563    58.754   -12.72    9.25
   4975.518    56.992    -4.79    7.17
   5343.376    57.648     1.78    7.04
   5711.139    61.188     9.63    6.30
   6078.806    62.142     2.59    8.47
   6446.377    62.648     1.38    9.75
   6813.853    65.178     6.89    8.85
   7181.233    67.612     6.63    7.24
   7548.518    67.334    -0.76    7.92
   7915.707    64.986    -6.39    9.39
   8282.801    62.772    -6.03   10.11
   8649.800    62.631    -0.38   10.40
   9016.704    67.385    12.96   14.52
   9383.512    78.315    29.80   20.01
   9750.226    91.149    35.00   23.36
  10116.845   103.551    33.83   26.95
  10483.369   105.874     6.34   29.55
  10849.798   100.970   -13.38   31.90
  11216.132    96.136   -13.20   29.41
  11582.372    89.646   -17.72   25.25
  11948.518    85.709   -10.75   20.01
  12314.568    85.548    -0.44   13.78
  12680.525    89.469    10.72   14.15
  13046.387   100.922    31.30   16.53
  13412.155   113.669    34.85   19.65
  13777.829   125.701    32.90   19.67
  14143.408   134.197    23.24   18.44
  14508.894   138.015    10.45   19.49
  14874.286   137.715    -0.82   19.43
  15239.583   136.625    -2.98   17.49
  15604.787   138.339     4.69   16.60
  15969.898   139.819     4.05   18.26
  16334.914   142.038     6.08   23.68
  16699.837   144.906     7.86   23.99
  17064.667   146.976     5.68   23.44
  17429.403   144.526    -6.72   23.72
  17794.046   131.794   -34.91   24.17
  18158.595   117.601   -38.93   23.15
  18523.051    99.863   -48.67   18.69
  18887.414    86.410   -36.92   16.33
  19251.684    75.525   -29.88   13.15
  19615.861    67.653   -21.61    9.96
  19979.945    60.731   -19.01    9.21
  20343.936    57.858    -7.89    9.17
  20707.834    58.712     2.35   10.56
  21071.640    59.173     1.27   10.15
  21435.353    59.575     1.10    9.45
  21798.973    60.502     2.55    8.54
  22162.501    58.231    -6.25    8.62
  22525.937    58.683     1.24   10.02
  22889.280    60.862     6.00    9.89
  23252.531    59.882    -2.70    9.65
  23625.077    56.174    -9.95   12.69
  24007.974    44.591   -30.25   16.46
  24390.765    31.512   -34.17   16.54
  24773.450    23.670   -20.49   13.35
  25156.029    22.543    -2.94   11.26
  25538.502    26.566    10.52   13.41
  25920.870    34.620    21.06   10.61
  26303.131    39.670    13.21    9.63
  26685.287    40.777     2.90   10.67
  27067.338    41.087     0.81   12.20
  27449.283    40.363    -1.89   13.50
  27831.123    40.173    -0.50   13.04
  28212.858    42.599     6.35   12.86
  28594.488    44.646     5.36   13.33
  28976.012    48.212     9.35   13.92
  29357.432    53.317    13.38   15.61
  29738.747    57.421    10.76   16.13
  30119.957    61.367    10.35   15.77
  30501.062    67.398    15.82   13.69
  30882.063    74.491    18.62   12.68
  31262.959    79.636    13.51    8.75
  31643.750    81.609     5.18    6.00
  32024.438    80.401    -3.17    6.42
  32405.021    77.064    -8.77    6.02
  32785.500    74.073    -7.86    7.88
  33165.875    69.577   -11.82    8.94
  33546.145    64.502   -13.35    6.96
  33926.312    60.767    -9.82    5.36
  34306.375    61.152     1.01    4.88
  34686.334    62.418     3.33    5.51
  35066.190    63.777     3.58    4.58
  35445.942    64.190     1.09    3.66
  35825.590    61.279    -7.67    5.31
  36205.135    55.827   -14.37    8.89
  36584.577    47.797   -21.16   11.78
  36963.916    42.221   -14.70   10.44
  37343.151    39.105    -8.21    7.59
  37722.283    37.937    -3.08    6.98
  38101.312    39.091     3.04    7.76
  38480.239    42.470     8.92    8.73
  38859.062    47.585    13.50    7.30
  39237.783    51.325     9.87    4.64
  39616.401    52.572     3.29    4.48
  39994.916    52.572    -0.00    5.02
  40373.329    51.051    -4.02    4.85
  40751.640    51.169     0.31    4.33
  41129.848    51.380     0.56    3.54
  41507.954    52.034     1.73    2.83
  41885.958    52.155     0.32    2.43
  42263.859    52.848     1.83    3.36
  42641.659    55.381     6.70    6.00
  43019.357    59.938    12.07    6.77
  43396.953    64.701    12.61    5.46
  43774.447    68.710    10.62    3.66
  44151.840    71.978     8.66    3.63
  44529.131    73.817     4.88    3.59
  44906.320    75.263     3.83    3.54
  45283.408    74.609    -1.73    4.65
  45660.395    72.279    -6.18    5.22
  46037.280    69.969    -6.13    4.76
  46414.064    67.294    -7.10    4.20
  46790.748    65.993    -3.45    3.14
  47167.330    64.425    -4.16    2.97
  47543.811    62.648    -4.72    2.53
  47920.191    61.946    -1.87    2.67
  48296.471    61.177    -2.04    2.21
  48672.650    61.098    -0.21    2.30
  49048.728    60.310    -2.10    2.83
  49424.705    59.752    -1.48    2.67
  49800.583    59.532    -0.59    2.57
  50176.360    59.117    -1.11    2.76
  50552.036    59.271     0.41    2.82
  50927.613    59.462     0.51    2.92
  51303.089    59.963     1.34    3.24
  51678.465    59.889    -0.20    3.24
  52053.741    60.906     2.71    3.65
  52428.918    62.222     3.51    4.24
  52803.994    63.575     3.61    3.53
  53178.971    64.091     1.38    3.09
  53553.848    63.180    -2.43    3.00
  53928.626    61.003    -5.81    3.40
  54303.304    57.308    -9.86    5.48
  54677.882    53.649    -9.77    6.09
  55052.362    50.145    -9.36    4.48
  55426.742    49.183    -2.57    3.91
  55801.023    50.567     3.70    4.57
  56175.205    52.674     5.63    4.12
  56549.287    53.583     2.43    3.97
  56923.271    55.720     5.71    4.56
  57297.156    58.962     8.67    4.96
  57670.943    61.665     7.23    4.35
  58044.630    64.235     6.88    2.31
  58418.219    64.580     0.92    2.03
  58791.709    63.963    -1.65    2.42
  59165.101    63.312    -1.74    3.51
  59538.395    64.353     2.79    4.39
  59911.590    65.192     2.25    5.16
  60284.687    64.518    -1.80    6.40
  60657.686    60.553   -10.63    9.05
  61030.586    53.547   -18.79    9.14
  61403.389    47.785   -15.45    6.41
  61776.094    44.507    -8.80    4.07
  62148.701    43.661    -2.27    3.83
  62521.210    43.228    -1.16    3.73
  62893.621    43.724     1.33    4.24
  63265.935    44.145     1.13    3.66
  63638.152    42.962    -3.18    4.18
  64010.270    40.269    -7.24    5.75
  64382.292    35.986   -11.51    6.72
  64754.216    34.009    -5.32    6.36
  65126.043    35.704     4.56    8.19
  65497.773    38.987     8.83    8.93
  65869.405    44.676    15.31    5.54
  66240.941    46.961     6.15    3.38
  66612.380    46.970     0.02    3.38
  66983.722    46.680    -0.78    3.17
  67354.967    46.809     0.35    3.03
  67726.115    47.010     0.54    2.91
  68097.167    46.341    -1.80    4.18
  68468.122    45.258    -2.92    5.67
  68838.981    45.063    -0.52    5.94
  69209.744    46.018     2.58    5.82
  69580.410    47.004     2.66    5.85
  69950.980    46.333    -1.81    6.19
  70321.453    46.233    -0.27    6.32
  70691.831    47.594     3.67    7.17
  71062.112    51.276     9.94    7.13
  71432.298    55.750    12.08    5.95
  71802.388    58.480     7.38    4.54
  72172.382    58.905     1.15    4.94
  72542.280    58.054    -2.30    4.92
  72912.082    56.494    -4.22    4.02
  73281.789    55.873    -1.68    3.57
  73651.401    55.344    -1.43    3.14
  74020.917    53.889    -3.94    3.56
  74390.338    53.799    -0.25    3.53
  74759.663    54.330     1.44    3.52
  75128.893    54.978     1.75    3.19
  75498.028    55.157     0.49    2.97
  75867.068    55.704     1.48    3.83
  76236.013    56.349     1.75    4.49
  76604.864    54.791    -4.22    6.45
  76973.619    53.276    -4.11    7.32
  77342.280    53.409     0.36    7.76
  77710.845    53.786     1.02    7.93
  78079.317    56.003     6.02    7.96
  78447.693    57.700     4.61    6.77
  78815.976    56.872    -2.25    5.25
  79184.164    57.220     0.95    4.66
  79552.257    59.016     4.88    4.52
  79920.256    62.168     8.56    5.39
  80288.162    64.361     5.96    5.52
  80655.973    65.439     2.93    5.09
  81023.690    66.356     2.49    5.44
  81391.313    67.971     4.39    5.47
  81758.842    68.371     1.09    5.06
  82126.277    67.561    -2.20    5.37
  82493.619    65.838    -4.69    5.09
  82860.867    64.800    -2.83    3.88
  83228.021    66.196     3.80    3.89
  83595.082    67.751     4.24    2.79
  83962.049    68.053     0.82    2.90
  84328.923    66.328    -4.70    5.28
  84695.704    66.185    -0.39    6.04
  85062.391    68.247     5.62    7.44
  85428.985    70.872     7.16    8.33
  85795.487    73.233     6.44    6.85
  86161.895    74.301     2.91    6.71
  86528.210    74.266    -0.09    6.42
  86894.432    74.380     0.31    5.87
  87260.562    74.212    -0.46    6.06
  87626.598    74.028    -0.50    6.80
  87992.542    76.566     6.94    7.59
  88358.394    78.889     6.35    8.11
  88724.153    82.357     9.48    8.77
  89089.819    85.307     8.07   10.72
  89455.394    87.044     4.75   11.62
  89820.875    87.586     1.48   12.39
  90186.265    85.336    -6.16   12.94
  90551.562    80.323   -13.72   12.66
  90916.768    77.042    -8.99    9.86
  91281.881    75.255    -4.89    8.21
  91646.902    75.988     2.01    8.26
  92011.831    79.773    10.37    9.39
  92376.669    83.174     9.32   10.38
  92741.415    87.947    13.09   11.16
  93106.069    92.542    12.60   10.05
  93470.631    95.709     8.69    8.79
  93835.102    97.981     6.23    6.62
  94199.482    99.750     4.85    5.24
  94563.770   100.889     3.13    5.59
  94927.966   103.966     8.45    6.87
  95292.072   105.479     4.16    6.23
  95656.086   104.897    -1.60    5.86
  96020.009   102.574    -6.38    5.60
  96383.841    97.564   -13.77    7.54
  96747.582    93.272   -11.80    7.43
  97111.232    89.256   -11.04    5.21
  97474.792    86.357    -7.97    5.05
  97838.260    83.143    -8.84    7.22
  98203.914    77.247   -16.12   11.25
  98586.659    67.190   -26.27   14.48
  98969.301    59.705   -19.56   11.08
  99351.838    57.591    -5.53    7.98
  99734.272    58.788     3.13    7.09
 100116.602    64.889    15.96    8.05
 100498.828    70.241    14.00    8.14
 100880.951    75.913    14.84    6.39
 101262.971    74.775    -2.98    8.70
 101644.888    68.703   -15.90   12.42
 102026.701    62.889   -15.23   10.87
 102408.411    64.016     2.95   12.71
 102790.019    72.053    21.06   13.92
 103171.523    78.690    17.40    9.05
 103552.925    81.872     8.34    4.21
 103934.223    79.479    -6.28    4.97
 104315.419    75.524   -10.38    8.44
 104696.513    66.127   -24.66   13.84
 105077.504    56.203   -26.05   12.89
 105458.392    47.309   -23.35    8.37
 105839.179    43.056   -11.17    5.02
 106219.862    39.715    -8.78    5.92
 106600.444    35.542   -10.97    4.80
 106980.924    34.515    -2.70    5.00
 107361.301    35.627     2.92    7.18
 107741.577    37.413     4.70    7.64
 108121.751    39.580     5.70    6.34
 108501.823    40.780     3.16    5.80
 108881.793    44.542     9.90    7.09
 109261.662    49.508    13.07    6.37
 109641.429    54.329    12.69    4.53
 110021.095    57.682     8.83    4.03
 110400.659    59.922     5.90    4.22
 110780.122    61.774     4.88    3.20
 111159.484    63.837     5.44    4.06
 111538.744    66.954     8.22    6.28
 111917.904    68.525     4.14    6.90
 112296.963    70.541     5.32    6.64
 112675.920    69.161    -3.64    6.93
 113054.777    66.965    -5.80    7.21
 113433.534    66.525    -1.16    7.36
 113812.189    68.005     3.91    8.33
 114190.744    74.805    17.96   10.97
 114569.199    81.682    18.17    9.39
 114947.553    88.648    18.41    7.20
 115325.807    92.955    11.38    4.40
 115703.960    95.571     6.92    3.76
 116082.013    97.070     3.97    3.44
 116459.967    98.334     3.34    5.14
 116837.820    98.663     0.87    7.15
 117215.573    97.987    -1.79    8.76
 117593.227    97.489    -1.32    9.04
 117970.780    95.094    -6.34    7.57
 118348.234    94.810    -0.75    6.75
 118725.589    96.447     4.34    5.40
 119102.843    97.197     1.99    6.13
 119479.999   100.317     8.27    7.79
 119857.055   103.434     8.27    6.78
 120234.011   103.461     0.07    6.94
 120610.869    99.542   -10.40    9.05
 120987.627    95.115   -11.75    8.59
 121364.286    93.105    -5.34    7.79
 121740.846    94.372     3.36    8.63
 122117.308    97.284     7.74    9.03
 122493.670   103.110    15.48    9.83
 122869.934   107.498    11.66    8.83
 123246.099   111.062     9.47    6.47
 123622.165   114.348     8.74    6.21
 123998.133   115.278     2.47    6.96
 124374.002   116.327     2.79    6.24
 124749.773   115.940    -1.03    6.95
 125125.446   112.561    -8.99    8.12
 125501.021   109.638    -7.78    6.69
 125876.497   106.405    -8.61    6.35
 126251.875   103.105    -8.79    5.71
 126627.156   100.140    -7.90    6.70
 127002.338    97.813    -6.20    7.93
 127377.423    96.447    -3.64    8.88
 127752.409    94.280    -5.78    7.93
 128127.298    91.972    -6.16    8.40
 128502.090    88.486    -9.30   10.18
 128876.784    82.594   -15.72    9.90
 129251.380    79.187    -9.09    7.36
 129625.879    76.552    -7.04    5.47
 130000.281    75.659    -2.38    5.69
 130374.586    75.198    -1.23    5.46
 130748.793    73.972    -3.28    5.05
 131122.903    74.846     2.34    5.86
 131496.917    78.335     9.33    7.63
 131870.833    81.007     7.14    7.78
 132244.653    84.475     9.28    7.31
 132618.375    85.588     2.98    7.13
 132992.001    85.177    -1.10    6.75
 133365.531    82.073    -8.31    7.85
 133738.964    78.530    -9.49    7.03
 134112.300    75.888    -7.08    4.98
 134485.540    76.252     0.98    4.72
 134858.683    76.129    -0.33    4.47
 135231.731    77.062     2.50    4.11
 135604.682    77.363     0.81    3.57
 135977.537    75.948    -3.79    3.18
 136350.296    74.005    -5.21    4.28
 136722.959    70.159   -10.32    4.95
 137095.526    66.227   -10.55    4.98
 137467.998    62.670    -9.55    4.36
 137840.373    60.235    -6.54    2.96
 138212.653    58.787    -3.89    2.61
 138584.838    56.956    -4.92    3.14
 138956.927    59.547     6.96    7.64
 139328.920    63.880    11.65   11.43
 139700.818    69.334    14.67   12.75
 140072.621    74.497    13.88   10.82
 140444.328    77.905     9.17   10.53
 140815.941    82.628    12.71    9.93
 141187.458    87.045    11.89    7.87
 141558.880    90.696     9.83    4.14
 141930.208    89.272    -3.84    5.12
 142301.440    86.583    -7.24    5.93
 142672.578    83.829    -7.42    4.44
 143043.621    84.547     1.93    4.56
 143414.569    85.238     1.86    4.77
 143785.423    82.281    -7.97    8.83
 144156.182    78.214   -10.97   11.48
 144526.847    71.833   -17.21   10.08
 144897.417    65.612   -16.79    7.12
