-117334.258    11.023     0.00    7.55
-116962.211    13.209     5.88    7.34
-116590.265    14.807     4.30    6.45
-116218.420    16.087     3.44    4.54
-115846.676    15.948    -0.37    3.17
-115475.033    15.319    -1.69    3.43
-115103.490    14.327    -2.67    3.81
-114732.047    13.597    -1.96    4.52
-114360.705    11.159    -6.57    6.96
-113989.463     9.627    -4.13    8.02
-113618.322     8.595    -2.78    7.37
-113247.280     7.220    -3.71    6.92
-112876.339     5.219    -5.39    7.36
-112505.498     2.692    -6.81    7.72
-112134.756    -1.750   -11.98    5.13
-111764.115    -4.219    -6.66    1.80
-111393.573    -4.681    -1.25    0.00
-111023.131    -4.681     0.00    0.00
-110652.788    -4.458     0.60    1.15
-110282.545    -1.987     6.67    6.10
-109912.402     0.868     7.71    7.99
-109542.357     3.227     6.38    8.42
-109172.412     3.531     0.82    8.63
-108802.566     1.706    -4.93    7.97
-108432.819    -1.211    -7.89    6.25
-108063.172    -3.393    -5.90    3.63
-107693.623    -3.713    -0.87    3.59
-107324.173    -3.260     1.23    4.16
-106954.822    -2.935     0.88    4.71
-106585.569    -1.953     2.66    5.86
-106216.415     2.213    11.29    8.23
-105847.360     5.395     8.62    8.41
-105478.403     8.352     8.01    7.81
-105109.544     8.524     0.47    7.56
-104740.784     5.876    -7.18    8.56
-104372.122     1.934   -10.69    8.29
-104003.558    -2.658   -12.46    4.35
-103635.092    -4.463    -4.90    1.16
-103266.724    -4.681    -0.59    0.00
-102898.454    -4.530     0.41    1.32
-102530.282    -2.347     5.93    6.99
-102162.207     2.200    12.36   11.28
-101794.230     5.560     9.13   10.71
-101426.351     6.888     3.61    8.43
-101058.569     6.996     0.29    5.93
-100690.885     5.447    -4.21    5.30
-100323.298     3.581    -5.08    5.13
 -99955.808     2.681    -2.45    5.99
 -99588.416     3.196     1.40    7.36
 -99221.120     4.242     2.85    8.25
 -98853.922     5.036     2.16    7.94
 -98486.821     5.650     1.67    6.97
 -98119.816     5.327    -0.88    6.31
 -97752.908     4.526    -2.18    5.62
 -97386.097     6.016     4.06    5.59
 -97019.383     8.081     5.63    5.10
 -96652.765    10.311     6.08    4.50
 -96286.243    11.562     3.41    3.74
 -95919.818    10.831    -2.00    4.49
 -95553.490     8.934    -5.18    5.50
 -95187.257     6.945    -5.43    5.58
 -94821.121     5.327    -4.42    5.09
 -94455.081     3.468    -5.08    4.38
 -94089.137     3.221    -0.68    4.38
 -93723.288     2.696    -1.43    3.76
 -93357.536     0.997    -4.65    3.20
 -92991.880     0.487    -1.39    3.64
 -92626.319     0.509     0.06    4.24
 -92260.854    -0.084    -1.62    4.69
 -91895.484    -1.219    -3.11    4.58
 -91530.210    -2.200    -2.68    4.10
 -91165.031    -2.890    -1.89    3.09
 -90799.948    -2.158     2.01    3.85
 -90434.960    -1.981     0.48    4.05
 -90070.067    -1.754     0.62    4.44
 -89705.269    -1.735     0.05    4.88
 -89340.566    -2.230    -1.36    5.00
 -88975.958    -3.228    -2.74    4.57
 -88611.445    -4.596    -3.75    3.07
 -88247.027    -5.493    -2.46    0.74
 -87882.703    -5.681    -0.52    0.00
 -87518.475    -5.681     0.00    0.00
 -87154.340    -5.681     0.00    0.00
 -86790.301    -5.681     0.00    0.00
 -86426.355    -5.681     0.00    0.00
 -86062.504    -5.681     0.00    0.00
 -85698.748    -5.681     0.00    0.00
 -85335.085    -5.681     0.00    0.00
 -84971.517    -5.681     0.00    0.00
 -84608.042    -5.681     0.00    0.00
 -84244.662    -5.681     0.00    0.00
 -83881.376    -5.681     0.00    0.00
 -83518.183    -5.681     0.00    0.00
 -83155.084    -5.681     0.00    0.00
 -82787.464    -5.681     0.00    0.00
 -82404.350    -5.681     0.00    0.00
 -82021.345    -5.681     0.00    0.00
 -81638.448    -5.681     0.00    0.00
 -81255.659    -5.681     0.00    0.00
 -80872.978    -5.681     0.00    0.00
 -80490.405    -5.681     0.00    0.00
 -80107.940    -5.681     0.00    0.00
 -79725.582    -5.681     0.00    0.00
 -79343.333    -5.681     0.00    0.00
 -78961.191    -5.681     0.00    0.00
 -78579.157    -5.681     0.00    0.00
 -78197.230    -5.681     0.00    0.00
 -77815.410    -5.681     0.00    0.00
 -77433.698    -5.681     0.00    0.00
 -77052.093    -5.681     0.00    0.00
 -76670.595    -5.681     0.00    0.00
 -76289.204    -5.681     0.00    0.00
 -75907.920    -5.681     0.00    0.00
 -75526.743    -5.681     0.00    0.00
 -75145.673    -5.681     0.00    0.00
 -74764.709    -5.681     0.00    0.00
 -74383.852    -5.681     0.00    0.00
 -74003.101    -5.681     0.00    0.00
 -73622.456    -5.681     0.00    0.00
 -73241.918    -5.681     0.00    0.00
 -72861.486    -5.681     0.00    0.00
 -72481.160    -5.681     0.00    0.00
 -72100.941    -5.681     0.00    0.00
 -71720.827    -5.681     0.00    0.00
 -71340.819    -5.681     0.00    0.00
 -70960.916    -5.681     0.00    0.00
 -70581.120    -5.681     0.00    0.00
 -70201.428    -5.681     0.00    0.00
 -69821.843    -5.681     0.00    0.00
 -69442.363    -5.681     0.00    0.00
 -69062.988    -5.681     0.00    0.00
 -68683.718    -5.681     0.00    0.00
 -68304.554    -5.681     0.00    0.00
 -67925.494    -5.681     0.00    0.00
 -67546.539    -5.681     0.00    0.00
 -67167.690    -5.681     0.00    0.00
 -66788.945    -5.681     0.00    0.00
 -66410.305    -5.681     0.00    0.00
 -66031.769    -5.681     0.00    0.00
 -65653.338    -5.681     0.00    0.00
 -65275.011    -5.681     0.00    0.00
 -64896.789    -5.681     0.00    0.00
 -64518.671    -5.681     0.00    0.00
 -64140.657    -5.681     0.00    0.00
 -63762.747    -5.681     0.00    0.00
 -63384.942    -5.681     0.00    0.00
 -63007.240    -5.681     0.00    0.00
 -62629.642    -5.681     0.00    0.00
 -62252.148    -5.681     0.00    0.00
 -61874.757    -5.681     0.00    0.00
 -61497.470    -5.681     0.00    0.00
 -61120.286    -5.681     0.00    0.00
 -60743.206    -5.681     0.00    0.00
 -60366.229    -5.681     0.00    0.00
 -59989.356    -5.681     0.00    0.00
 -59612.585    -5.681     0.00    0.00
 -59235.918    -5.681     0.00    0.00
 -58859.353    -5.481     0.53    1.34
 -58482.892    -5.347     0.35    1.65
 -58106.533    -5.448    -0.27    1.48
 -57730.277    -5.681    -0.62    0.00
 -57354.123    -5.681     0.00    0.00
 -56978.073    -5.681     0.00    0.00
 -56602.124    -5.681     0.00    0.00
 -56226.278    -5.681     0.00    0.00
 -55850.534    -5.642     0.10    0.29
 -55474.893    -4.639     2.67    2.24
 -55099.354    -3.450     3.17    2.99
 -54723.916    -2.799     1.73    3.12
 -54348.581    -2.673     0.34    3.17
 -53973.347    -3.092    -1.12    3.38
 -53598.216    -3.889    -2.13    3.28
 -53223.186    -4.642    -2.01    2.54
 -52848.257    -3.719     2.46    4.26
 -52473.431    -0.778     7.85    7.13
 -52098.705     4.227    13.36    9.18
 -51724.081     9.752    14.75    8.26
 -51349.559    15.115    14.32    5.77
 -50975.137    18.869    10.03    4.27
 -50600.817    21.519     7.08    3.36
 -50226.598    21.312    -0.56    4.62
 -49852.479    16.226   -13.59   10.51
 -49478.462     8.464   -20.75   12.29
 -49104.545     0.970   -20.04    9.25
 -48730.729    -3.777   -12.70    1.53
 -48357.014    -3.011     2.05    2.65
 -47983.400    -2.064     2.54    3.03
 -47609.885    -1.127     2.51    2.88
 -47236.471    -1.270    -0.38    2.48
 -46863.158    -2.165    -2.40    2.13
 -46489.945    -3.455    -3.46    1.50
 -46116.832    -4.251    -2.13    0.77
 -45743.819    -4.508    -0.69    0.62
 -45370.905    -4.681    -0.46    0.00
 -44998.092    -4.681     0.00    0.00
 -44625.379    -4.656     0.07    0.20
 -44252.765    -4.556     0.27    0.38
 -43880.251    -4.355     0.54    0.61
 -43507.837    -4.136     0.59    0.64
 -43135.522    -3.899     0.64    0.66
 -42763.307    -3.563     0.91    0.69
 -42391.191    -3.316     0.66    1.01
 -42019.174    -2.962     0.95    1.16
 -41647.256    -2.624     0.91    1.23
 -41275.438    -2.433     0.51    1.41
 -40903.718    -2.321     0.30    1.45
 -40532.098    -2.472    -0.41    1.57
 -40160.576    -2.907    -1.17    1.44
 -39789.153    -2.899     0.02    1.46
 -39417.829    -3.011    -0.30    1.34
 -39046.603    -3.142    -0.35    1.14
 -38675.476    -3.105     0.10    1.26
 -38304.448    -3.705    -1.62    0.98
 -37933.518    -4.064    -0.97    0.89
 -37562.686    -4.307    -0.66    0.83
 -37191.952    -4.056     0.68    2.24
 -36821.317     2.022    16.40   14.09
 -36450.779    22.819    56.13   38.86
 -36080.340    64.140   111.55   63.49
 -35709.998    94.343    81.56   62.72
 -35339.755   113.932    52.91   58.38
 -34969.609   102.715   -30.31   61.50
 -34599.560    82.351   -55.03   46.54
 -34229.610    73.255   -24.59   22.76
 -33859.757    86.660    36.24   37.33
 -33490.001   124.384   102.02   66.89
 -33120.343   165.103   110.16   75.45
 -32750.782   189.443    65.86   66.69
 -32381.318   213.528    65.19   57.41
 -32011.951   252.412   105.28   81.31
 -31642.682   290.171   102.25   87.68
 -31273.509   318.403    76.47   66.67
 -30904.434   310.327   -21.88   59.57
 -30535.455   299.905   -28.25   57.38
 -30166.573   303.139     8.77   52.25
 -29797.787   320.164    46.17   45.34
 -29429.098   334.359    38.50   35.19
 -29060.506   344.767    28.24   18.01
 -28692.010   343.319    -3.93   18.16
 -28323.611   338.739   -12.43   17.44
 -27955.308   330.803   -21.55   18.47
 -27587.101   316.653   -38.43   22.06
 -27218.990   298.303   -49.85   22.47
 -26850.975   283.823   -39.35   22.33
 -26483.056   277.171   -18.08   23.18
 -26115.233   282.528    14.56   29.25
 -25747.506   294.968    33.83   29.75
 -25379.875   307.405    33.83   25.17
 -25012.339   315.786    22.80   19.06
 -24644.899   308.046   -21.07   22.27
 -24277.555   300.851   -19.59   23.85
 -23910.306   293.799   -19.20   23.03
 -23543.152   286.311   -20.39   23.12
 -23176.094   279.079   -19.70   17.68
 -22809.131   267.610   -31.26   18.97
 -22442.263   256.366   -30.65   19.54
 -22075.490   245.653   -29.21   19.75
 -21708.813   236.747   -24.29   22.80
 -21342.230   229.234   -20.49   24.61
 -20975.742   219.855   -25.59   24.93
 -20609.349   203.615   -44.32   27.01
 -20243.050   188.866   -40.27   25.09
 -19876.846   180.079   -23.99   19.70
 -19510.737   181.167     2.97   21.46
 -19144.722   184.637     9.48   21.88
 -18778.802   191.188    17.90   17.03
 -18412.976   186.191   -13.66   20.18
 -18047.244   172.645   -37.04   23.64
 -17681.607   155.069   -48.07   25.69
 -17316.063   137.642   -47.68   22.77
 -16950.614   123.936   -37.50   18.92
 -16585.258   109.856   -38.54   16.45
 -16219.997    95.516   -39.26   18.57
 -15854.829    86.036   -25.96   19.36
 -15489.755    86.504     1.28   26.22
 -15124.775    93.151    18.21   32.35
 -14759.888   102.944    26.84   33.23
 -14395.095   111.319    22.96   27.16
 -14030.395   105.280   -16.56   32.78
 -13665.789    90.295   -41.10   37.15
 -13301.276    74.419   -43.55   32.96
 -12936.857    58.823   -42.80   31.02
 -12572.530    48.605   -28.05   25.90
 -12208.297    39.420   -25.22   19.87
 -11844.156    35.374   -11.11   16.09
 -11480.109    34.796    -1.59   14.51
 -11116.154    36.886     5.74   16.86
 -10752.292    48.494    31.90   24.80
 -10388.523    63.515    41.29   30.06
 -10024.847    81.840    50.39   29.19
  -9661.263    95.851    38.54   26.60
  -9297.772   103.518    21.09   22.78
  -8934.374   105.633     5.82   22.12
  -8571.067    93.319   -33.89   27.55
  -8207.853    78.780   -40.03   29.48
  -7827.694    63.429   -40.38   20.07
  -7444.825    66.335     7.59   20.35
  -7062.062    82.402    41.98   27.24
  -6679.405    97.967    40.68   26.77
  -6296.855   105.755    20.36   24.60
  -5914.410   113.626    20.58   21.90
  -5532.071   120.870    18.95   23.52
  -5149.837   127.370    17.00   19.78
  -4767.709   119.705   -20.06   26.77
  -4385.687   106.171   -35.43   37.18
  -4003.770    83.772   -58.65   38.41
  -3621.959    66.927   -44.12   35.05
  -3240.252    57.482   -24.75   31.62
  -2858.651    53.430   -10.62   28.09
  -2477.155    47.048   -16.73   24.66
  -2095.764    45.589    -3.83   22.34
  -1714.478    45.528    -0.16   19.01
  -1333.297    49.110     9.40   17.09
   -952.221    45.199   -10.26   19.66
   -571.249    29.088   -42.29   26.88
   -190.381    11.081   -47.28   21.68
    190.381    -1.605   -33.32    9.14
    571.040    -4.161    -6.71    0.66
    951.594    -0.746     8.97    7.35
   1332.044     7.384    21.37   12.63
   1712.389    16.407    23.72   13.50
   2092.631    27.006    27.87   10.29
   2472.769    34.241    19.03   10.84
   2852.803    43.134    23.40   13.30
   3232.733    53.479    27.23   13.72
   3612.559    63.224    25.66   14.89
   3992.282    75.392    32.04   16.19
   4371.901    86.383    28.95   15.52
   4751.417    95.080    22.92   10.76
   5130.829    95.176     0.25   14.10
   5510.138    85.561   -25.35   23.22
   5889.344    68.472   -45.06   29.77
   6268.446    54.526   -36.79   27.28
   6647.446    47.899   -17.48   22.97
   7026.343    52.075    11.02   24.13
   7405.136    67.686    41.21   27.81
   7783.827    91.111    61.86   24.12
   8162.416   106.303    40.13   18.04
   8540.901   112.703    16.91   16.33
   8919.285   112.899     0.52   19.09
   9297.565   104.571   -22.01   26.09
   9675.744    95.151   -24.91   26.64
  10053.820    85.819   -24.68   26.84
  10431.794    79.198   -17.52   24.06
  10809.665    78.044    -3.06   23.09
  11187.435    81.026     7.89   25.51
  11565.103    87.891    18.18   28.13
  11942.669   102.523    38.75   27.88
  12320.133   116.360    36.66   22.40
  12697.495   126.026    25.61   12.99
  13074.756   133.107    18.77    9.64
  13451.915   138.676    14.77    7.83
  13828.973   142.051     8.95    5.70
  14205.929   143.351     3.45    7.17
  14582.784   144.684     3.54    9.28
  14959.538   146.750     5.48   10.48
  15336.190   146.811     0.16   12.93
  15712.742   145.553    -3.34   14.44
  16089.193   145.360    -0.51   14.62
  16465.542   144.695    -1.77   15.23
  16841.791   147.489     7.42   15.42
  17217.940   147.487    -0.00   14.03
  17593.987   145.327    -5.74   16.10
  17969.934   137.852   -19.89   20.90
  18345.781   128.887   -23.85   21.65
  18721.527   123.414   -14.57   24.88
  19097.173   121.711    -4.53   27.31
  19472.718   127.311    14.91   26.83
  19848.163   129.588     6.06   26.67
  20223.509   128.878    -1.89   24.37
  20598.754   129.026     0.39   18.99
  20973.899   129.930     2.41   14.74
  21348.945   128.474    -3.88   12.21
  21723.891   128.541     0.18   10.07
  22098.737   130.462     5.13   11.59
  22473.483   134.929    11.92   10.57
  22848.130   138.557     9.68    7.27
  23222.677   139.021     1.24    6.86
  23597.126   135.126   -10.40    8.28
  23971.474   132.851    -6.08    6.94
  24345.724   131.772    -2.88    6.47
  24719.874   131.815     0.11    6.29
  25093.926   132.319     1.35    5.66
  25467.878   132.286    -0.09    6.66
  25841.732   132.247    -0.10    7.48
  26215.487   132.328     0.22    8.02
  26589.143   134.247     5.14    8.43
  26962.700   137.803     9.52    8.38
  27336.159   141.026     8.63    8.12
  27709.519   143.208     5.84    8.38
  28082.781   144.191     2.63    8.60
  28455.944   144.245     0.15    8.83
  28829.009   141.573    -7.16   10.19
  29201.976   136.887   -12.56   13.66
  29574.845   127.935   -24.01   16.17
  29947.616   120.840   -19.03   12.88
  30320.289   118.214    -7.04    7.56
  30692.864   121.763     9.52    9.36
  31065.341   130.328    22.99   10.97
  31437.721   137.726    19.87    9.66
  31810.003   140.569     7.64    7.71
  32182.187   139.751    -2.20    8.42
  32554.274   135.519   -11.37    9.94
  32926.263   129.699   -15.64    8.58
  33298.155   123.051   -17.88    9.44
  33669.950   115.970   -19.04   12.03
  34041.647   106.693   -24.96   10.15
  34413.248   102.018   -12.58    7.39
  34784.751   102.972     2.57    9.76
  35156.158   106.961    10.74   12.62
  35527.467   110.271     8.92   13.43
  35898.680   112.992     7.33   13.12
  36269.796   113.392     1.08   11.55
  36640.815   113.671     0.75    9.95
  37011.738   112.897    -2.09    7.15
  37382.564   111.787    -2.99    5.64
  37753.294   110.197    -4.29    4.62
  38123.928   108.938    -3.40    3.23
  38494.465   108.719    -0.59    3.85
  38864.906   109.588     2.35    5.10
  39235.251   109.706     0.32    5.10
  39605.500   110.336     1.70    4.70
  39975.652   111.190     2.31    4.55
  40345.709   111.053    -0.37    3.74
  40715.671   111.041    -0.03    3.65
  41085.536   110.726    -0.85    4.95
  41455.306   107.007   -10.06    7.09
  41824.980   102.328   -12.66    8.54
  42194.558    95.986   -17.16    9.91
  42564.041    89.384   -17.87    8.78
  42933.429    85.595   -10.26    6.58
  43302.721    84.823    -2.09    5.87
  43671.919    85.514     1.87    5.50
  44041.021    86.114     1.62    5.38
  44410.028    80.077   -16.36   10.19
  44778.939    73.542   -17.71   10.83
  45147.756    69.188   -11.81    9.00
  45516.479    68.037    -3.12    7.75
  45885.106    69.225     3.22    7.50
  46253.638    71.449     6.03    6.37
  46622.076    72.174     1.97    6.36
  46990.420    71.543    -1.71    6.46
  47358.669    71.188    -0.96    6.02
  47726.823    71.238     0.14    5.53
  48094.883    74.303     8.33    6.03
  48462.849    77.199     7.87    6.36
  48830.721    79.718     6.85    5.57
  49198.498    82.827     8.46    5.16
  49566.182    84.690     5.07    5.06
  49933.771    85.771     2.94    4.95
  50301.267    85.986     0.58    4.56
  50668.668    85.360    -1.70    4.29
  51035.976    85.319    -0.11    3.81
  51403.190    86.964     4.48    4.28
  51770.311    88.311     3.67    4.28
  52137.338    91.238     7.97    7.09
  52504.272    95.392    11.32   10.01
  52871.112    99.878    12.23   11.36
  53237.858   104.983    13.92   10.65
  53604.512   106.489     4.11    9.22
  53971.072   106.302    -0.51    8.04
  54337.540   100.991   -14.49    9.76
  54703.914    94.433   -17.90   11.00
  55070.195    86.240   -22.37   10.85
  55436.383    78.563   -20.96    7.74
  55802.478    73.972   -12.54    4.53
  56168.481    72.097    -5.12    3.51
  56534.391    71.474    -1.70    4.03
  56900.208    69.721    -4.79    4.81
  57265.933    67.672    -5.60    4.62
  57631.565    65.175    -6.83    4.14
  57997.105    62.319    -7.81    4.19
  58362.553    61.467    -2.33    4.36
  58727.908    62.270     2.20    5.00
  59093.171    62.853     1.60    5.35
  59458.342    64.418     4.29    6.33
  59823.421    65.295     2.40    6.97
  60188.408    64.995    -0.82    6.56
  60553.303    66.392     3.83    6.28
  60918.106    67.664     3.48    6.49
  61282.817    70.644     8.17    6.47
  61647.436    74.932    11.76    5.60
  62011.964    76.741     4.96    4.44
  62376.401    76.832     0.25    3.23
  62740.746    75.409    -3.91    3.39
  63104.999    75.195    -0.59    3.26
  63469.161    77.387     6.02    6.07
  63833.232    81.855    12.27    7.48
  64197.211    86.586    13.00    6.15
  64561.100    90.169     9.85    3.70
  64924.897    91.467     3.57    2.80
  65288.603    91.370    -0.27    2.64
  65652.218    90.647    -1.99    2.41
  66015.743    89.956    -1.90    2.63
  66379.176    88.823    -3.12    3.17
  66752.167    88.623    -0.54    3.60
  67134.885    88.906     0.74    4.20
  67517.500    90.069     3.04    4.94
  67900.012    91.775     4.46    5.40
  68282.419    93.171     3.65    5.73
  68664.723    94.024     2.23    5.16
  69046.923    94.041     0.04    4.50
  69429.020    94.685     1.69    4.86
  69811.013    95.451     2.01    5.03
  70192.903    97.129     4.39    4.86
  70574.690    98.532     3.68    4.92
  70956.374   100.019     3.90    5.29
  71337.955    98.924    -2.87    6.30
  71719.433    97.758    -3.06    6.47
  72100.807    96.189    -4.11    5.02
  72482.079    93.445    -7.20    5.06
  72863.249    88.688   -12.48    9.25
  73244.315    83.041   -14.82    8.82
  73625.279    78.344   -12.33    5.22
  74006.141    77.425    -2.41    2.83
  74386.900    78.846     3.73    3.43
  74767.557    81.142     6.03    5.12
  75148.112    82.963     4.79    5.26
  75528.564    84.451     3.91    6.87
  75908.915    84.997     1.43    8.54
  76289.163    90.898    15.52   12.38
  76669.310   101.713    28.45   18.27
  77049.354   112.872    29.36   17.47
  77429.297   119.620    17.76   16.71
  77809.139   120.986     3.60   19.13
  78188.879   106.611   -37.85   27.43
  78568.517    91.711   -39.25   27.13
  78948.054    76.811   -39.26   17.21
  79327.489    69.245   -19.94    6.54
  79706.823    68.276    -2.55    6.18
  80086.056    68.909     1.67    6.48
  80465.188    71.567     7.01    6.28
  80844.219    76.699    13.54    8.40
  81223.149    81.519    12.72    8.46
  81601.978    84.794     8.64    8.44
  81980.707    86.832     5.38    9.08
  82359.335    84.571    -5.97   10.26
  82737.862    84.132    -1.16    8.42
  83116.288    83.218    -2.42    7.84
  83494.614    83.815     1.58    8.14
  83872.840    86.786     7.86    8.86
  84250.965    89.067     6.03    8.44
  84628.991    90.931     4.93    7.54
  85006.916    89.415    -4.01    7.73
  85384.741    88.104    -3.47    5.86
  85762.466    88.919     2.16    6.65
  86140.091    90.253     3.53    7.80
  86517.616    91.369     2.96    7.66
  86895.042    91.681     0.83    6.75
  87272.368    89.885    -4.76    6.76
  87649.594    86.754    -8.30    7.01
  88026.721    81.678   -13.46    6.44
  88403.748    78.203    -9.22    3.70
  88780.676    79.050     2.25    3.93
  89157.505    79.975     2.45    4.71
  89534.234    82.056     5.52    6.33
  89910.865    84.057     5.31    7.17
  90287.396    82.099    -5.20   10.63
  90663.829    81.678    -1.12   13.92
  91040.162    81.147    -1.41   15.02
  91416.397    81.845     1.86   15.85
  91792.533    83.918     5.51   15.81
  92168.571    83.421    -1.32   15.93
  92544.509    83.016    -1.08   14.43
  92920.350    78.084   -13.12   15.13
  93296.092    73.811   -11.37   15.22
  93671.735    67.506   -16.78   12.19
  94047.280    61.797   -15.20    5.72
  94422.728    59.600    -5.85    4.24
  94798.077    58.478    -2.99    5.11
  95173.328    54.361   -10.97   10.28
  95548.481    45.038   -24.85   14.45
  95923.536    36.416   -22.99   12.99
  96298.493    31.947   -11.92    7.91
  96673.353    32.109     0.43    5.82
  97048.115    34.636     6.74    5.86
  97422.779    37.861     8.61    6.73
  97797.346    42.556    12.53    8.57
  98171.815    49.782    19.30   11.57
  98546.187    57.218    19.86   11.49
  98920.462    62.619    14.43    8.90
  99294.640    64.766     5.74    7.59
  99668.720    65.971     3.22    6.80
 100042.704    69.848    10.37    7.71
 100416.590    74.404    12.18    8.49
 100790.380    78.154    10.03    8.84
 101164.073    81.803     9.76    8.58
 101537.669    82.121     0.85    8.05
 101911.168    81.368    -2.01    7.64
 102284.571    82.006     1.71    9.38
 102657.877    91.468    25.35   17.72
 103031.087   100.672    24.66   17.00
 103404.200   108.983    22.27   11.56
 103777.217   112.261     8.79    9.05
 104150.138   112.759     1.33   10.68
 104522.963   113.129     0.99   13.07
 104895.692   110.532    -6.97   14.28
 105268.325   102.483   -21.60   15.60
 105640.861    92.811   -25.96   12.64
 106013.302    85.242   -20.32    8.63
 106385.647    81.694    -9.53    5.20
 106757.897    83.151     3.91    5.36
 107130.051    86.232     8.28    6.58
 107502.109    91.840    15.07    7.10
 107874.072    97.362    14.84    6.35
 108245.939   101.622    11.45    5.25
 108617.711   102.078     1.23    4.74
 108989.388   100.775    -3.50    5.61
 109360.969    98.211    -6.90    5.46
 109732.456    95.285    -7.87    4.55
 110103.847    93.789    -4.03    6.72
 110475.144    92.453    -3.60    8.78
 110846.345    90.600    -4.99    9.93
 111217.452    89.186    -3.81   10.52
 111588.464    87.218    -5.30   10.49
 111959.381    81.447   -15.56   11.84
 112330.204    74.270   -19.35   12.09
 112700.932    68.599   -15.30    9.72
 113071.565    63.929   -12.60    5.72
 113442.105    62.586    -3.63    3.39
 113812.550    65.743     8.52    6.49
 114182.900    69.336     9.70    9.24
 114553.157    74.353    13.55   11.92
 114923.319    77.882     9.53   13.56
 115293.388    79.989     5.69   13.42
 115663.362    82.801     7.60   13.51
 116033.243    84.294     4.04   10.94
 116403.029    83.104    -3.22   11.09
 116772.722    79.933    -8.58   10.47
 117142.322    76.061   -10.47   11.16
 117511.827    72.398    -9.91   11.56
 117881.239    72.586     0.51   12.43
 118250.558    69.480    -8.41   12.15
 118619.783    66.225    -8.82    9.71
 118988.915    63.361    -7.76    6.47
 119357.954    61.147    -6.00    5.51
 119726.900    59.914    -3.34    5.99
 120095.752    60.167     0.68    6.21
 120464.512    59.932    -0.64    6.17
 120833.178    60.063     0.36    6.20
 121201.752    59.150    -2.48    5.03
 121570.232    56.672    -6.72    4.62
 121938.620    54.697    -5.36    4.81
 122306.916    51.846    -7.74    6.23
 122675.118    48.757    -8.39    7.78
 123043.228    48.422    -0.91    7.69
 123411.246    51.126     7.35    9.08
 123779.171    57.468    17.24   10.08
 124147.004    62.388    13.37    7.62
 124514.745    64.251     5.07    5.06
 124882.393    65.790     4.19    4.36
 125249.949    67.101     3.57    6.74
 125617.414    70.328     8.78    8.36
 125984.786    71.403     2.93    9.36
 126352.066    69.336    -5.63   10.57
 126719.255    63.899   -14.81   10.27
 127086.351    60.311    -9.77    8.04
 127453.356    60.006    -0.83    7.21
 127820.270    60.561     1.51    7.35
 128187.091    61.022     1.26    7.26
 128553.822    58.630    -6.52    7.31
 128920.460    55.916    -7.40    6.29
 129287.008    52.758    -8.62    4.74
 129653.464    51.769    -2.70    4.08
 130019.829    50.998    -2.11    4.10
 130386.102    50.294    -1.92    3.96
 130752.285    51.565     3.47    4.90
 131118.377    54.337     7.57    5.74
 131484.377    56.103     4.82    5.22
 131850.287    54.921    -3.23    6.54
 132216.106    52.435    -6.79    6.24
 132581.834    50.378    -5.63    4.73
 132947.472    49.989    -1.06    4.71
 133313.018    48.328    -4.54    6.70
 133678.475    43.599   -12.94   10.29
 134043.840    38.178   -14.84   11.36
 134409.116    35.014    -8.66   10.66
 134774.301    34.471    -1.49   11.06
 135139.396    40.135    15.51   11.54
 135504.400    45.277    14.09    9.94
 135869.314    49.150    10.61    7.12
 136234.139    49.931     2.14    5.57
 136598.873    49.285    -1.77    6.95
 136963.517    48.989    -0.81    7.44
 137328.072    49.119     0.36    6.23
 137692.536    48.753    -1.01    5.52
 138056.911    46.523    -6.12    5.70
 138421.196    44.319    -6.05    7.35
 138785.392    46.302     5.44   10.83
 139149.498    48.683     6.54   11.40
 139513.514    49.576     2.45   10.72
 139877.441    47.143    -6.68   12.22
 140241.279    41.707   -14.94    9.36
 140605.027    39.544    -5.95    7.06
 140968.687    40.909     3.75    6.99
 141334.994    39.610    -3.55    8.55
 141717.554    37.175    -6.36    9.49
 142100.014    32.837   -11.34    8.07
 142482.371    31.916    -2.41    6.01
 142864.628    34.656     7.17    6.60
 143246.783    33.840    -2.13    8.08
 143628.836    34.754     2.39    8.50
 144010.789    32.480    -5.95    7.64
 144392.640    32.735     0.67    7.15
 144774.391    32.065    -1.75    7.51
 145156.040    30.617    -3.79    6.17
 145537.589    29.811    -2.11    6.24
 145919.037    27.919    -4.96    6.50
 146300.384    24.690    -8.47    7.28
 146681.630    21.281    -8.94    8.18
 147062.776    17.978    -8.67    6.47
 147443.821    14.648    -8.74    4.35
