# NaN NaN NaN ;Mean Elev.(m), Avg Gradient(m/km), RMS Gradient(m/km) - SRTM1     
#   18.727     NaN     NaN ;Mean Elev.(m), Avg Gradient(m/km), RMS Gradient(m/km) - ASTER GDEM
#    1.162  -3.588  23.608 ;Mean Elev.(m), Avg Gradient(m/km), RMS Gradient(m/km) - GMTED2010 
  7     5.442 52452.50178311 27.92 120.276288  72.912353 23.887
  7     7.084 52452.50178375 30.36 120.270388  72.915213 23.887
  7     7.305 52452.50178440 37.57 120.264478  72.918073 23.887
  7     8.007 52452.50178504 36.45 120.258568  72.920933 23.887
  7     7.655 52452.50178569 30.06 120.252658  72.923793 23.887
  7     6.884 52452.50178633 29.19 120.246738  72.926653 23.887
  7     7.527 52452.50178698 28.52 120.240828  72.929523 23.887
  7     8.021 52452.50178762 29.62 120.234908  72.932383 23.887
  8    19.410 52487.50176363 14.30 120.290804  72.912512  7.102
  8     4.497 52487.50176428 17.06 120.284904  72.915372  7.102
  8     4.462 52487.50176492 17.07 120.278994  72.918242  7.102
  8     4.560 52487.50176557 18.69 120.273084  72.921102  7.102
  8     5.125 52487.50176621 19.38 120.267174  72.923962  7.102
  8     6.268 52487.50176686 19.25 120.261264  72.926822  7.102
  8     7.564 52487.50176750 19.67 120.255348  72.929690  4.785
  8     8.003 52487.50176815 24.60 120.249428  72.932550  4.785
  8     6.892 52487.50176879 26.53 120.243508  72.935410  4.785
  9    65.812 52522.50173447  1.04 120.300255  72.911124  2.483
  9    76.703 52522.50173511  0.09 120.294355  72.913994  2.483
  9    57.385 52522.50173576  0.56 120.288445  72.916854  2.483
  9    55.131 52522.50173640  1.81 120.282545  72.919714  2.483
  9    58.949 52522.50173704  1.32 120.276635  72.922574  2.483
  9    46.621 52522.50173769  3.88 120.270725  72.925434  2.483
  9    24.740 52522.50173898  8.50 120.258898  72.931158  5.689
  9    39.633 52522.50173962  5.86 120.252988  72.934018  5.689
 10     3.639 52557.50178625 30.73 120.267750  72.912119 14.931
 10     2.769 52557.50178689 30.96 120.261850  72.914979 14.931
 10     2.072 52557.50178754 33.06 120.255940  72.917849 14.931
 10     2.642 52557.50178818 33.10 120.250020  72.920709 14.931
 10     3.054 52557.50178883 32.64 120.244110  72.923569 14.931
 10     3.144 52557.50178947 33.20 120.238200  72.926429 14.931
 10     3.197 52557.50179012 33.58 120.232280  72.929289 14.931
 10     2.903 52557.50179076 34.26 120.226360  72.932149 14.931
 11     0.970 52592.50178355  7.27 120.268866  72.918057  7.362
 11     1.536 52592.50178420 14.17 120.262956  72.920917  7.362
 11     0.614 52592.50178484 21.01 120.257046  72.923777  7.362
 11     0.817 52592.50178549 23.29 120.251126  72.926647  7.362
 11     0.918 52592.50178613 22.48 120.245216  72.929507  7.362
 11     1.414 52592.50178678 20.45 120.239296  72.932367  7.362
 11     1.256 52592.50178742 19.58 120.233376  72.935227  7.362
 12     0.026 52627.50170177 21.99 120.264952  72.914153  7.535
 12     0.011 52627.50170242 22.32 120.259042  72.917013  7.535
 12    -0.005 52627.50170306 23.05 120.253132  72.919873  7.535
 12    -0.139 52627.50170371 23.73 120.247222  72.922733  7.535
 12     0.071 52627.50170435 23.08 120.241302  72.925593  7.535
 12     0.118 52627.50170499 22.28 120.235382  72.928453  7.535
 12    -0.018 52627.50170564 22.63 120.229462  72.931313  7.535
 13    -0.505 52662.50174712 22.54 120.265495  72.921268  5.621
 13    -0.441 52662.50174777 22.07 120.259575  72.924128  5.621
 13    -0.378 52662.50174841 20.55 120.253665  72.926988  5.621
 13    -0.259 52662.50174906 18.90 120.247755  72.929858  5.621
 13    -0.237 52662.50174970 18.98 120.241835  72.932718  5.621
 13    -0.279 52662.50175035 16.89 120.235915  72.935578  5.621
 14     0.127 52697.50172444 20.48 120.243196  72.920948  8.200
 14     0.068 52697.50172508 19.47 120.237284  72.923803  4.406
 14    -0.039 52697.50172573 19.63 120.231364  72.926663  4.406
 14    -0.112 52697.50172637 18.53 120.225444  72.929523  4.406
 15     0.177 52732.50174369 20.14 120.294356  72.912815  6.303
 15     0.063 52732.50174433 20.21 120.288456  72.915685  6.303
 15     0.088 52732.50174498 18.44 120.282546  72.918545  6.303
 15     0.030 52732.50174562 18.49 120.276636  72.921405  6.303
 15    -0.103 52732.50174626 16.80 120.270726  72.924265  6.303
 15    -0.144 52732.50174691 16.05 120.264808  72.927133  3.256
 15    -0.242 52732.50174755 14.42 120.258898  72.929993  3.256
 15    -0.131 52732.50174820 12.49 120.252978  72.932853  3.256
 15    -0.244 52732.50174884 12.41 120.247068  72.935713  3.256
 16     0.281 52767.50175364 13.18 120.289742  72.918497  4.661
 16     0.026 52767.50175429 12.87 120.283842  72.921357  4.661
 16    -0.138 52767.50175493 12.76 120.277932  72.924217  4.661
 16    -0.145 52767.50175558 11.83 120.272022  72.927087  4.661
 16    -0.205 52767.50175622 10.80 120.266112  72.929947  4.661
 16    -0.155 52767.50175686  9.56 120.260202  72.932807  4.661
 18     1.119 52837.50183083 25.36 120.260618  72.916954  7.868
 18     1.447 52837.50183148 28.92 120.254708  72.919814  7.868
 18     0.686 52837.50183212 27.34 120.248788  72.922674  7.868
 18     0.776 52837.50183277 21.14 120.242878  72.925534  7.868
 18     1.053 52837.50183341 18.12 120.236958  72.928394  7.868
 18     1.561 52837.50183406 15.78 120.231038  72.931254  7.868
 19    23.327 52872.50187088  8.77 120.267991  72.917149  4.813
 19    22.925 52872.50187152  7.69 120.262081  72.920009  4.813
 19    22.643 52872.50187217  8.44 120.256171  72.922879  4.813
 19    22.209 52872.50187281  6.34 120.250261  72.925739  4.813
 19     1.436 52872.50187346 15.99 120.244341  72.928599  4.813
 19     1.678 52872.50187410 16.96 120.238421  72.931459  4.813
 19     1.505 52872.50187475 18.40 120.232501  72.934319  4.813
 20    35.709 52907.50185728  5.45 120.295974  72.911216  4.822
 20    24.609 52907.50185793  4.65 120.290064  72.914086  4.822
 20    22.573 52907.50185857  4.38 120.284164  72.916946  4.822
 20    22.124 52907.50185922  6.94 120.278254  72.919806  4.822
 20    21.493 52907.50185986  9.34 120.272344  72.922666  4.822
 20     2.096 52907.50186115 20.04 120.260514  72.928386  4.822
 20     2.084 52907.50186179 21.46 120.254604  72.931256  4.822
 20     4.900 52907.50186244 20.76 120.248684  72.934116  4.822
 21    -0.101 52942.50178611 17.53 120.261895  72.913726  4.511
 21    -0.204 52942.50178675 18.67 120.255985  72.916586  4.511
 21    -0.047 52942.50178740 18.55 120.250075  72.919456  4.511
 21    -0.101 52942.50178804 19.45 120.244155  72.922316  4.511
 21    -0.036 52942.50178869 19.92 120.238235  72.925176  4.511
 21     0.075 52942.50178933 18.01 120.232325  72.928036  4.511
 21     0.195 52942.50178998 17.11 120.226405  72.930896  4.511
 23    -0.059 53012.50184187 11.46 120.288690  72.911395  4.333
 23    -0.040 53012.50184252 11.16 120.282780  72.914255  4.333
 23    -0.009 53012.50184316 12.33 120.276880  72.917115  4.333
 23     0.441 53012.50184381 11.64 120.270970  72.919975  4.333
 23     0.601 53012.50184445 11.54 120.265060  72.922845  4.333
 23     0.796 53012.50184509 11.42 120.259150  72.925705  4.333
 23     0.031 53012.50184574 12.07 120.253240  72.928565  4.333
 23     0.444 53012.50184638 10.80 120.247325  72.931429  2.366
 23     0.206 53012.50184703 10.15 120.241405  72.934289  2.366
 24     0.175 53047.50181419  9.67 120.230897  72.929058  2.753
 24    -0.264 53047.50181483 10.09 120.224977  72.931918  2.753
 25    -0.167 53082.50184456  9.68 120.285625  72.911293  2.996
 25    -0.160 53082.50184521  9.76 120.279715  72.914153  2.996
 25    -0.250 53082.50184585 11.16 120.273815  72.917023  2.996
 25    -0.336 53082.50184650 12.57 120.267910  72.919880  3.593
 25    -0.146 53082.50184714 11.65 120.262000  72.922740  3.593
 25    -0.214 53082.50184779 12.76 120.256080  72.925600  3.593
 25    -0.159 53082.50184843 11.21 120.250170  72.928470  3.593
 25    -0.157 53082.50184907 10.20 120.244260  72.931330  3.593
 25    -0.258 53082.50184972  9.60 120.238340  72.934190  3.593
 26     0.090 53117.50181831 10.59 120.240292  72.923526  4.166
 26     0.096 53117.50181896 11.64 120.234382  72.926386  4.166
 26     0.116 53117.50181960 10.11 120.228462  72.929246  4.166
 27     0.286 53152.50186527  6.07 120.270012  72.913714  4.866
 27     0.535 53152.50186591  7.10 120.264105  72.916570  2.899
 27     0.450 53152.50186656  6.69 120.258195  72.919430  2.899
 27     1.392 53152.50186720  7.77 120.252285  72.922290  2.899
 27     1.987 53152.50186785  8.20 120.246365  72.925160  2.899
 27     2.762 53152.50186849  7.41 120.240455  72.928020  2.899
 27     3.132 53152.50186914  5.97 120.234535  72.930880  2.899
 28    71.102 53187.50185155  1.15 120.289185  72.910819  3.022
 28    63.085 53187.50185349  0.97 120.271457  72.919399  2.792
 28    60.411 53187.50185477  0.17 120.259637  72.925119  2.792
 28    76.044 53187.50185542  0.09 120.253717  72.927989  2.792
 28    52.620 53187.50185671  0.93 120.241877  72.933709  2.792
 29     0.435 53222.50187386 17.11 120.285647  72.915766  8.430
 29     1.221 53222.50187450 17.96 120.279737  72.918636  8.430
 29     1.291 53222.50187515 19.07 120.273827  72.921496  8.430
 29     0.887 53222.50187579 20.83 120.267917  72.924356  8.430
 29     2.386 53222.50187644 18.71 120.262007  72.927216  8.430
 29     2.693 53222.50187708 19.67 120.256091  72.930074  4.326
 29     3.949 53222.50187773 19.30 120.250171  72.932944  4.326
 29     3.869 53222.50187837 22.63 120.244251  72.935804  4.326
 30     1.495 53257.50184884 15.84 120.297965  72.912286 14.073
 30     2.297 53257.50184949 17.42 120.292065  72.915146 14.073
 30     2.290 53257.50185013 21.62 120.286165  72.918006 14.073
 30     2.487 53257.50185078 23.99 120.280255  72.920876 14.073
 30     2.502 53257.50185142 21.85 120.274345  72.923736 14.073
 30     3.029 53257.50185207 18.61 120.268435  72.926596 14.073
 30     3.767 53257.50185271 18.19 120.262525  72.929456 14.073
 30     5.126 53257.50185336 17.50 120.256609  72.932318  5.440
 30     5.222 53257.50185400 22.71 120.250699  72.935178  5.440
 31    -0.018 53292.50186928 34.27 120.249184  72.916253 10.750
 31    -0.191 53292.50186992 32.29 120.243274  72.919113 10.750
 31    -0.416 53292.50187057 32.84 120.237354  72.921983 10.750
 31    -0.175 53292.50187121 35.25 120.231444  72.924843 10.750
 32     0.011 53327.50184103 21.97 120.293168  72.910224  6.487
 32    -0.011 53327.50184168 22.40 120.287258  72.913084  6.487
 32    -0.019 53327.50184232 22.30 120.281358  72.915944  6.487
 32    -0.019 53327.50184297 22.27 120.275448  72.918804  6.487
 32    -0.025 53327.50184361 22.42 120.269538  72.921664  6.487
 32    -0.036 53327.50184426 21.96 120.263628  72.924534  6.487
 32    -0.070 53327.50184490 21.50 120.257708  72.927394  6.487
 32     0.038 53327.50184554 20.47 120.251798  72.930254  6.487
 32    -0.043 53327.50184619 19.73 120.245878  72.933114  6.487
 32    -0.203 53327.50184683 18.14 120.239958  72.935974  6.487
 33     1.812 53362.50179488 16.25 120.313341  72.906685 11.814
 33     2.382 53362.50179553 16.79 120.307441  72.909545 11.814
 33     2.474 53362.50179617 16.83 120.301541  72.912415 11.814
 33     2.615 53362.50179682 18.23 120.295641  72.915275 11.814
 33     2.980 53362.50179746 19.45 120.289731  72.918135 11.814
 33     2.652 53362.50179811 20.02 120.283831  72.920995 11.814
 33     2.388 53362.50179875 21.71 120.277921  72.923855 11.814
 33     2.716 53362.50179940 19.85 120.272011  72.926725 11.814
 33     2.369 53362.50180004 19.22 120.266091  72.929585 11.814
 33     1.065 53362.50180068 18.32 120.260181  72.932445 11.814
 34    -0.041 53397.50181892 13.80 120.265544  72.913935  5.039
 34    -0.014 53397.50181956 15.04 120.259634  72.916795  5.039
 34    -0.090 53397.50182021 15.74 120.253724  72.919655  5.039
 34    -0.179 53397.50182085 14.93 120.247804  72.922515  5.039
 34    -0.228 53397.50182150 14.36 120.241894  72.925385  5.039
 34    -0.242 53397.50182214 13.45 120.235974  72.928245  5.039
 34    -0.458 53397.50182278 12.03 120.230054  72.931105  5.039
 35    -0.456 53432.50180797 17.17 120.310097  72.907793  7.057
 35    -0.492 53432.50180862 17.23 120.304197  72.910653  7.057
 35    -0.521 53432.50180926 17.42 120.298297  72.913523  7.057
 35    -0.445 53432.50180991 17.05 120.292387  72.916383  7.057
 35    -0.413 53432.50181055 17.37 120.286487  72.919243  7.057
 35    -0.603 53432.50181120 17.51 120.280577  72.922103  7.057
 35    -0.638 53432.50181184 16.13 120.274667  72.924963  7.057
 35    -0.681 53432.50181249 16.02 120.268757  72.927833  7.057
 35    -0.771 53432.50181313 14.37 120.262837  72.930693  7.057
 35    -0.932 53432.50181378 13.10 120.256927  72.933553  7.057
 36    -0.026 53467.50184664 14.02 120.258532  72.914825  5.262
 36     0.024 53467.50184728 14.55 120.252622  72.917685  5.262
 36    -0.103 53467.50184793 14.02 120.246712  72.920555  5.262
 36    -0.190 53467.50184857 14.70 120.240792  72.923415  5.262
 36    -0.350 53467.50184922 14.04 120.234882  72.926275  5.262
 36    -0.415 53467.50184986 12.15 120.228962  72.929135  5.262
 37     0.318 53502.50189733 14.54 120.277973  72.912450  7.427
 37     0.007 53502.50189798 14.12 120.272073  72.915310  7.427
 37     0.192 53502.50189862 14.21 120.266163  72.918170  7.427
 37     0.060 53502.50189926 14.76 120.260253  72.921030  7.427
 37     0.154 53502.50189991 13.26 120.254343  72.923900  7.427
 37    -0.152 53502.50190055 12.76 120.248423  72.926760  7.427
 37    -0.361 53502.50190120 11.35 120.242513  72.929620  7.427
 37    -0.484 53502.50190184 10.15 120.236593  72.932480  7.427
 38     3.583 53537.50188986 16.54 120.291609  72.910083  8.810
 38     5.039 53537.50189051 16.10 120.285709  72.912943  8.810
 38     6.114 53537.50189115 17.60 120.279799  72.915803  8.810
 38     5.368 53537.50189179 17.88 120.273889  72.918663  8.810
 38     4.851 53537.50189244 20.68 120.267979  72.921533  8.810
 38     5.692 53537.50189308 19.68 120.262069  72.924393  8.810
 38     7.492 53537.50189373 19.89 120.256159  72.927253  8.810
 38     7.607 53537.50189437 20.05 120.250239  72.930113  8.810
 38     5.943 53537.50189502 23.84 120.244329  72.932973  8.810
 38     6.345 53537.50189566 24.72 120.238409  72.935833  8.810
 39    -0.336 53572.50189332 16.35 120.289487  72.910344 11.528
 39     0.258 53572.50189397 16.53 120.283587  72.913204 11.528
 39     0.357 53572.50189461 21.22 120.277677  72.916064 11.528
 39     0.570 53572.50189526 25.47 120.271777  72.918924 11.528
 39     1.204 53572.50189590 27.09 120.265867  72.921784 11.528
 39     0.989 53572.50189655 22.78 120.259957  72.924654 11.528
 39     0.826 53572.50189719 19.59 120.254037  72.927514 11.528
 39     3.093 53572.50189784 18.50 120.248127  72.930374 11.528
 39     0.685 53572.50189848 21.79 120.242207  72.933234 11.528
 40     7.709 53607.50184074 10.68 120.319275  72.906102 19.529
 40    10.478 53607.50184139 11.78 120.313375  72.908962 19.529
 40    10.229 53607.50184203 12.68 120.307475  72.911822 19.529
 40     9.273 53607.50184267 11.20 120.301575  72.914682 19.529
 40    11.279 53607.50184332 11.43 120.295675  72.917552 19.529
 40    12.853 53607.50184396 12.80 120.289765  72.920412 19.529
 40    13.428 53607.50184461 12.19 120.283865  72.923272 19.529
 40    11.176 53607.50184525 14.22 120.277955  72.926132 19.529
 40    12.679 53607.50184590 17.01 120.272045  72.928992 19.529
 40    12.723 53607.50184654 22.85 120.266125  72.931862 19.529
 41     0.655 53642.50184596 32.10 120.246640  72.919457  9.749
 41     1.283 53642.50184660 30.73 120.240730  72.922317  9.749
 41     0.470 53642.50184725 23.38 120.234810  72.925177  9.749
 41     0.353 53642.50184789 21.83 120.228890  72.928047  9.749
 41     0.553 53642.50184854 31.66 120.222970  72.930907  9.749
 42     0.148 53677.50186245 23.88 120.280841  72.911547  5.953
 42     0.213 53677.50186310 23.13 120.274931  72.914407  5.953
 42     0.043 53677.50186374 23.99 120.269031  72.917267  5.953
 42    -0.043 53677.50186439 24.51 120.263121  72.920127  5.953
 42    -0.059 53677.50186503 23.49 120.257211  72.922987  5.953
 42     0.024 53677.50186567 23.17 120.251291  72.925847  5.953
 42     0.064 53677.50186632 21.24 120.245381  72.928717  5.953
 42     0.040 53677.50186696 20.29 120.239461  72.931577  5.953
 42     0.054 53677.50186761 19.71 120.233541  72.934437  5.953
 43    -0.068 53712.50178958 16.93 120.316619  72.906850  5.391
 43    -0.145 53712.50179023 18.79 120.310719  72.909710  5.391
 43    -0.214 53712.50179087 18.73 120.304819  72.912570  5.391
 43    -0.041 53712.50179152 18.86 120.298919  72.915440  5.391
 43    -0.076 53712.50179216 19.13 120.293009  72.918300  5.391
 43    -0.018 53712.50179281 17.80 120.287109  72.921160  5.391
 43    -0.043 53712.50179345 17.75 120.281199  72.924020  5.391
 43     0.007 53712.50179410 17.02 120.275289  72.926880  5.391
 43    -0.084 53712.50179474 17.02 120.269369  72.929750  5.391
 43    -0.130 53712.50179539 14.93 120.263459  72.932610  5.391
 44    -0.072 53747.50170498 12.99 120.256087  72.914015  5.208
 44    -0.275 53747.50170563 14.48 120.250177  72.916875  5.208
 44    -0.223 53747.50170627 15.13 120.244267  72.919735  5.208
 44    -0.341 53747.50170692 15.74 120.238347  72.922595  5.208
 44    -0.326 53747.50170756 15.81 120.232437  72.925455  5.208
 44    -0.360 53747.50170821 15.37 120.226517  72.928315  5.208
 45    -0.314 53782.50173457 11.39 120.291461  72.911841  5.091
 45    -0.266 53782.50173522 10.45 120.285551  72.914701  5.091
 45    -0.211 53782.50173586 10.73 120.279641  72.917561  5.091
 45    -0.242 53782.50173651 12.35 120.273741  72.920421  5.091
 45    -0.038 53782.50173715 10.54 120.267821  72.923281  5.091
 45    -0.196 53782.50173780 11.38 120.261911  72.926141  5.091
 45    -0.225 53782.50173844 10.03 120.256001  72.929011  5.091
 45    -0.264 53782.50173909  9.81 120.250081  72.931871  5.091
 45    -0.183 53782.50173973  8.39 120.244161  72.934731  5.091
 46    -0.358 53817.50169781 12.63 120.326805  72.907120  5.497
 46    -0.503 53817.50169846 12.06 120.320913  72.909983  3.179
 46    -0.468 53817.50169910 11.43 120.315013  72.912843  3.179
 46    -0.545 53817.50169975 10.82 120.309113  72.915703  3.179
 46    -0.383 53817.50170039 10.05 120.303213  72.918573  3.179
 46    -0.296 53817.50170104 10.01 120.297303  72.921433  3.179
 46     0.020 53817.50170168  8.34 120.291393  72.924293  3.179
 46     0.014 53817.50170233  8.66 120.285493  72.927153  3.179
 46     0.148 53817.50170297  8.06 120.279573  72.930013  3.179
 47     0.013 53852.50177429  7.50 120.261500  72.913462  3.330
 47     0.207 53852.50177493  7.72 120.255590  72.916322  3.330
 47     0.199 53852.50177558  8.09 120.249680  72.919182  3.330
 47     0.116 53852.50177622  7.80 120.243760  72.922042  3.330
 47    -0.128 53852.50177687  8.98 120.237850  72.924902  3.330
 47    -0.244 53852.50177751  8.71 120.231930  72.927762  3.330
 47    -0.301 53852.50177816  6.93 120.226010  72.930622  3.330
 49    31.194 53922.50185126  7.93 120.268060  72.913338  5.462
 49    27.951 53922.50185190  8.18 120.262160  72.916198  5.462
 49    25.099 53922.50185255  8.56 120.256250  72.919058  5.462
 49    23.293 53922.50185319  9.31 120.250330  72.921918  5.462
 49    34.559 53922.50185384  7.39 120.244420  72.924778  5.462
 49    21.813 53922.50185448  7.12 120.238510  72.927638  5.462
 49     3.363 53922.50185513 15.78 120.232590  72.930508  5.462
 50     1.673 53957.50184464 14.13 120.284685  72.910978 11.288
 50     2.507 53957.50184528 15.12 120.278785  72.913838 11.288
 50     2.807 53957.50184593 19.60 120.272885  72.916698 11.288
 50     1.720 53957.50184657 26.56 120.266975  72.919568 11.288
 50     2.176 53957.50184722 23.85 120.261065  72.922428 11.288
 50     2.412 53957.50184786 18.86 120.255155  72.925288 11.288
 50     2.122 53957.50184851 17.48 120.249235  72.928148 11.288
 50     2.824 53957.50184915 16.94 120.243325  72.931008 11.288
 50     2.881 53957.50184980 17.37 120.237405  72.933868 11.288
 52    -0.299 54027.50183273 32.22 120.265918  72.912590 15.186
 52    -0.128 54027.50183337 31.39 120.260008  72.915450 15.186
 52    -0.343 54027.50183401 31.06 120.254098  72.918310 15.186
 52    -0.320 54027.50183466 31.19 120.248188  72.921170 15.186
 52    -0.194 54027.50183530 37.09 120.242268  72.924030 15.186
 52    -0.190 54027.50183595 36.87 120.236358  72.926890 15.186
 52    -0.271 54027.50183659 36.58 120.230438  72.929750 15.186
 53     1.362 54062.50182533 19.82 120.292568  72.911656 10.078
 53     1.725 54062.50182598 18.87 120.286668  72.914516 10.078
 53     1.908 54062.50182662 20.17 120.280758  72.917376 10.078
 53     1.775 54062.50182727 19.59 120.274848  72.920246 10.078
 53     2.094 54062.50182791 19.10 120.268938  72.923106 10.078
 53     1.742 54062.50182856 18.93 120.263028  72.925966 10.078
 53     1.545 54062.50182920 19.22 120.257108  72.928826 10.078
 53     1.272 54062.50182985 17.91 120.251198  72.931686 10.078
 53     1.690 54062.50183049 17.45 120.245278  72.934546 10.078
 54     1.707 54097.50179459 15.08 120.308889  72.908828  7.999
 54     1.325 54097.50179523 16.77 120.302989  72.911698  7.999
 54     1.433 54097.50179588 16.81 120.297089  72.914558  7.999
 54     1.547 54097.50179652 15.94 120.291179  72.917418  7.999
 54     1.436 54097.50179717 16.55 120.285279  72.920278  7.999
 54     1.465 54097.50179781 16.29 120.279369  72.923148  7.999
 54     1.207 54097.50179845 16.03 120.273459  72.926008  7.999
 54     1.600 54097.50179910 14.74 120.267549  72.928868  7.999
 55    -0.120 54132.50174952 14.94 120.256394  72.915638  5.064
 55    -0.259 54132.50175016 14.97 120.250484  72.918498  5.064
 55    -0.353 54132.50175081 15.64 120.244564  72.921358  5.064
 55    -0.351 54132.50175145 15.29 120.238654  72.924218  5.064
 55    -0.270 54132.50175210 12.95 120.232734  72.927078  5.064
 55    -0.401 54132.50175274 12.36 120.226814  72.929938  5.064
 56     0.146 54167.50177228 11.20 120.263182  72.927391  3.649
 56     0.042 54167.50177293 10.16 120.257262  72.930251  3.649
 56    -0.362 54167.50177357 10.98 120.251352  72.933111  3.649
 57     0.308 54202.50175258 14.04 120.262598  72.914150  4.544
 57     0.210 54202.50175322 12.62 120.256688  72.917020  4.544
 57     0.357 54202.50175387 12.32 120.250778  72.919880  4.544
 57     0.101 54202.50175451 12.15 120.244858  72.922740  4.544
 57    -0.089 54202.50175516 11.71 120.238948  72.925600  4.544
 57    -0.242 54202.50175580 10.99 120.233028  72.928460  4.544
 57    -0.250 54202.50175645  9.57 120.227108  72.931320  4.544
 58    -0.597 54237.50179061 14.00 120.250396  72.926604  6.318
 58    -0.549 54237.50179125 10.95 120.244486  72.929464  6.318
 58    -1.599 54237.50179190  9.42 120.238566  72.932324  6.318
 58    -1.125 54237.50179254  7.64 120.232646  72.935184  6.318
 59    21.800 54272.50180622 11.69 120.287492  72.911784  6.730
 59    24.175 54272.50180687 11.06 120.281582  72.914644  6.730
 59     1.216 54272.50180815 23.57 120.269762  72.920364  6.730
 59     1.335 54272.50180880 25.66 120.263852  72.923224  6.730
 59     1.213 54272.50180944 24.44 120.257942  72.926094  6.730
 59     3.536 54272.50181009 19.68 120.252022  72.928954  6.730
 59     4.032 54272.50181073 19.50 120.246112  72.931814  6.730
 59     4.780 54272.50181138 20.84 120.240192  72.934674  6.730
 61    56.941 54342.50178772  1.60 120.300394  72.911952  5.646
 61    49.409 54342.50178836  4.96 120.294484  72.914822  5.646
 61    45.010 54342.50178901  7.23 120.288584  72.917682  5.646
 61    21.523 54342.50178965  9.53 120.282674  72.920542  5.646
 61    21.104 54342.50179030  9.95 120.276764  72.923402  5.646
 61    20.505 54342.50179094 10.20 120.270854  72.926262  5.646
 61    20.170 54342.50179158  9.28 120.264944  72.929132  5.646
 61    19.365 54342.50179223  9.38 120.259024  72.931992  5.646
 62    -0.572 54377.50174399 20.57 120.273143  72.912286  9.305
 62    -0.236 54377.50174464 22.02 120.267243  72.915146  9.305
 62    -0.090 54377.50174528 28.16 120.261333  72.918006  9.305
 62     0.456 54377.50174593 23.22 120.255423  72.920866  9.305
 62     0.220 54377.50174657 22.05 120.249503  72.923736  9.305
 62    -0.078 54377.50174722 21.36 120.243593  72.926596  9.305
 62    -0.585 54377.50174786 21.16 120.237673  72.929456  9.305
 62    -0.527 54377.50174851 18.90 120.231753  72.932316  9.305
 63    -0.366 54412.50173483 24.11 120.292193  72.909826  4.417
 63    -0.288 54412.50173547 23.73 120.286288  72.912690  5.465
 63    -0.279 54412.50173612 23.80 120.280378  72.915550  5.465
 63    -0.333 54412.50173676 24.46 120.274468  72.918410  5.465
 63    -0.332 54412.50173741 24.71 120.268558  72.921270  5.465
 63    -0.328 54412.50173805 23.15 120.262648  72.924130  5.465
 63    -0.413 54412.50173870 22.47 120.256738  72.926990  5.465
 63    -0.303 54412.50173934 21.73 120.250828  72.929860  5.465
 63    -0.257 54412.50173999 20.17 120.244908  72.932720  5.465
 63    -0.331 54412.50174063 18.89 120.238988  72.935580  5.465
 66     0.005 54517.50172350 11.74 120.268041  72.912432  3.471
 66    -0.026 54517.50172415 11.60 120.262141  72.915292  3.471
 66     0.032 54517.50172479 11.06 120.256221  72.918162  3.471
 66    -0.072 54517.50172544 11.91 120.250311  72.921022  3.471
 66    -0.321 54517.50172608 13.29 120.244401  72.923882  3.471
 66    -0.178 54517.50172673 12.41 120.238481  72.926742  3.471
 66     0.068 54517.50172737 10.10 120.232561  72.929602  3.471
 66     0.034 54517.50172802  8.29 120.226641  72.932462  3.471
 67     0.608 54552.50174128 10.88 120.288171  72.916524  4.228
 67     0.542 54552.50174192 10.68 120.282264  72.919387  2.593
 67     0.498 54552.50174257 11.03 120.276354  72.922247  2.593
 67     0.071 54552.50174321 10.47 120.270444  72.925107  2.593
 67    -0.055 54552.50174386 10.14 120.264534  72.927967  2.593
 67    -0.082 54552.50174450  9.63 120.258624  72.930827  2.593
 67     0.481 54552.50174515  7.80 120.252704  72.933697  2.593
 68    -0.224 54587.50171887  9.39 120.279036  72.911586  3.231
 68    -0.171 54587.50171951  8.90 120.273126  72.914446  3.231
 68    -0.121 54587.50172016  9.78 120.267216  72.917306  3.231
 68    -0.196 54587.50172080  9.46 120.261306  72.920166  3.231
 68    -0.365 54587.50172145 10.53 120.255396  72.923026  3.231
 68    -0.323 54587.50172209  9.80 120.249486  72.925896  3.231
 68    -0.256 54587.50172273  7.94 120.243566  72.928756  3.231
 68    -0.037 54587.50172338  5.91 120.237646  72.931616  3.231
 68     0.089 54587.50172402  5.31 120.231726  72.934476  3.231
 69    25.558 54622.50173818  3.61 120.274344  72.917534  5.749
 69    45.656 54622.50173883  0.14 120.268434  72.920394  5.749
 69    40.797 54622.50173947  0.09 120.262524  72.923254  5.749
 69     4.678 54622.50174205 21.46 120.238854  72.934704  5.749
 70    19.333 54657.50174656 16.25 120.281624  72.912557  5.397
 70    22.366 54657.50174721 14.24 120.275721  72.915416  5.445
 70     1.116 54657.50174785 18.08 120.269811  72.918276  5.445
 70    21.235 54657.50174850 15.96 120.263901  72.921136  5.445
 70     1.877 54657.50174914 17.99 120.257991  72.923996  5.445
 70     2.526 54657.50174979 16.84 120.252081  72.926866  5.445
 70     3.464 54657.50175043 16.61 120.246161  72.929726  5.445
 70     2.591 54657.50175108 17.82 120.240241  72.932586  5.445
 70     1.845 54657.50175172 22.23 120.234331  72.935446  5.445
 71     3.346 54692.50172891 43.73 120.292997  72.911384 16.108
 71     2.887 54692.50172955 44.48 120.287087  72.914244 16.108
 71     2.294 54692.50173020 43.99 120.281187  72.917104 16.108
 71     2.330 54692.50173084 42.85 120.275277  72.919964 16.108
 71     2.379 54692.50173148 41.68 120.269362  72.922830  9.081
 71     2.160 54692.50173213 35.42 120.263452  72.925690  9.081
 71     2.269 54692.50173277 36.98 120.257542  72.928550  9.081
 72    22.955 54727.50170182  8.84 120.250631  72.921752  5.787
 72    22.650 54727.50170246  8.08 120.244721  72.924612  5.787
 72    22.000 54727.50170310  6.03 120.238801  72.927472  5.787
 72    21.308 54727.50170375  4.51 120.232881  72.930332  5.787
 73     0.243 54762.50170626 34.48 120.286124  72.911075  8.785
 73     0.271 54762.50170691 36.33 120.280224  72.913935  8.785
 73     0.176 54762.50170755 35.92 120.274314  72.916795  8.785
 73     0.188 54762.50170820 35.43 120.268401  72.919659  8.746
 73     0.103 54762.50170884 36.71 120.262491  72.922519  8.746
 73     0.128 54762.50170949 35.96 120.256581  72.925379  8.746
 73     0.143 54762.50171013 35.39 120.250671  72.928249  8.746
 73     0.229 54762.50171077 33.17 120.244751  72.931109  8.746
 73     0.301 54762.50171142 29.63 120.238831  72.933969  8.746
 74    -0.342 54797.50169400 19.21 120.253338  72.916144  4.432
 74    -0.399 54797.50169465 19.18 120.247428  72.919004  4.432
 74    -0.336 54797.50169529 19.05 120.241508  72.921864  4.432
 74    -0.402 54797.50169594 19.04 120.235598  72.924724  4.432
 74    -0.534 54797.50169658 17.56 120.229678  72.927584  4.432
 74    -0.638 54797.50169723 16.75 120.223758  72.930444  4.432
 75     1.886 54832.50169615 17.11 120.286619  72.911542  7.944
 75     1.674 54832.50169679 16.49 120.280719  72.914402  7.944
 75     2.163 54832.50169744 15.83 120.274809  72.917262  7.944
 75     1.972 54832.50169808 15.63 120.268899  72.920132  7.944
 75     2.224 54832.50169872 14.41 120.262989  72.922992  7.944
 75     1.051 54832.50169937 15.21 120.257079  72.925852  7.944
 75     1.186 54832.50170001 14.20 120.251159  72.928712  7.944
 75     0.394 54832.50170066 13.97 120.245249  72.931572  7.944
 76     2.377 54867.50168898 14.59 120.264467  72.912971  5.629
 76     2.723 54867.50168962 14.23 120.258557  72.915831  5.629
 76     2.369 54867.50169027 14.53 120.252647  72.918701  5.629
 76     1.860 54867.50169091 13.90 120.246727  72.921561  5.629
 76     1.628 54867.50169156 14.15 120.240817  72.924421  5.629
 76     1.352 54867.50169220 12.30 120.234897  72.927281  5.629
 76     0.916 54867.50169285 11.83 120.228977  72.930141  5.629
 77    -0.172 54902.50170561 18.66 120.298119  72.910368  6.884
 77    -0.229 54902.50170625 18.19 120.292219  72.913228  6.884
 77    -0.039 54902.50170690 18.85 120.286309  72.916098  6.884
 77    -0.150 54902.50170754 18.62 120.280407  72.918959  3.942
 77     0.034 54902.50170819 17.63 120.274497  72.921819  3.942
 77     0.074 54902.50170883 16.07 120.268587  72.924679  3.942
 77    -0.103 54902.50170948 15.63 120.262677  72.927539  3.942
 77    -0.260 54902.50171012 15.02 120.256767  72.930399  3.942
 77    -0.427 54902.50171077 13.17 120.250847  72.933269  3.942
 78     0.327 54937.50167902 15.93 120.272390  72.913244  4.557
 78     0.464 54937.50167966 15.45 120.266480  72.916104  4.557
 78     0.337 54937.50168031 14.46 120.260570  72.918964  4.557
 78     0.065 54937.50168095 15.48 120.254660  72.921834  4.557
 78     0.216 54937.50168159 13.87 120.248740  72.924694  4.557
 78    -0.045 54937.50168224 13.28 120.242830  72.927554  4.557
 78    -0.243 54937.50168288 12.68 120.236910  72.930414  4.557
 78    -0.091 54937.50168353  9.97 120.230990  72.933274  4.557
 79    -0.094 54972.50171095 11.67 120.281277  72.911243  3.468
 79     0.066 54972.50171160 11.60 120.275377  72.914103  3.468
 79     0.279 54972.50171224 10.79 120.269467  72.916963  3.468
 79     0.046 54972.50171289 11.23 120.263557  72.919823  3.468
 79    -0.089 54972.50171353 12.57 120.257647  72.922683  3.468
 79     0.075 54972.50171418 10.24 120.251727  72.925553  3.468
 79    -0.031 54972.50171482  9.57 120.245817  72.928413  3.468
 79    -0.071 54972.50171546  8.56 120.239897  72.931273  3.468
 79    -0.062 54972.50171611  7.68 120.233977  72.934133  3.468
 80    33.232 55007.50172729 12.22 120.290722  72.909903  4.348
 80    33.887 55007.50172793 13.54 120.284822  72.912763  4.348
 80    32.521 55007.50172922 11.00 120.273002  72.918491  7.032
 80    21.831 55007.50173051 20.68 120.261182  72.924211  7.032
 80    21.656 55007.50173116 20.72 120.255272  72.927081  7.032
 80     1.294 55007.50173245 47.96 120.243442  72.932801  7.032
 80     0.170 55007.50173309 50.47 120.237522  72.935661  7.032
 81     0.984 55042.50171706 12.07 120.281078  72.913308  8.777
 81     1.087 55042.50171770 14.13 120.275171  72.916166  8.991
 81     0.848 55042.50171835 18.14 120.269261  72.919026  8.991
 81     0.442 55042.50171899 23.09 120.263351  72.921886  8.991
 81     0.360 55042.50171964 24.40 120.257441  72.924756  8.991
 81     0.495 55042.50172028 19.50 120.251521  72.927616  8.991
 81     3.071 55042.50172093 15.77 120.245611  72.930476  8.991
 81     1.810 55042.50172157 15.62 120.239691  72.933336  8.991
 82    37.256 55077.50169572  6.33 120.295580  72.912250  3.152
 82    31.627 55077.50169637  5.66 120.289670  72.915110  3.152
 82    30.413 55077.50169701  6.14 120.283770  72.917970  3.152
 82    29.338 55077.50169766  6.34 120.277860  72.920840  3.152
 82    27.071 55077.50169830  6.01 120.271949  72.923699  5.506
 82    20.619 55077.50169895  9.14 120.266039  72.926559  5.506
 82     3.960 55077.50170088 23.81 120.248299  72.935149  5.506
 83    -1.493 55112.50164957 28.09 120.273260  72.912514  6.494
 83    -0.798 55112.50165021 28.48 120.267353  72.915376 17.784
 83    -0.545 55112.50165086 31.63 120.261443  72.918236 17.784
 83    -0.703 55112.50165150 35.00 120.255533  72.921106 17.784
 83    -0.506 55112.50165215 41.12 120.249613  72.923966 17.784
 83    -0.623 55112.50165279 49.11 120.243703  72.926826 17.784
 83    -0.451 55112.50165344 47.09 120.237783  72.929686 17.784
 83    -0.653 55112.50165408 49.05 120.231863  72.932546 17.784
 84     0.579 55147.50165049 15.73 120.283896  72.912088  4.302
 84     0.397 55147.50165113 16.15 120.277986  72.914948  4.302
 84     0.431 55147.50165178 16.92 120.272086  72.917808  4.302
 84     0.234 55147.50165242 16.76 120.266176  72.920678  4.302
 84     0.270 55147.50165307 16.38 120.260266  72.923538  4.302
 84     0.418 55147.50165371 15.22 120.254346  72.926398  4.302
 84     0.501 55147.50165436 14.83 120.248432  72.929261  2.479
 84     0.503 55147.50165500 14.49 120.242512  72.932121  2.479
 84     0.494 55147.50165565 12.50 120.236602  72.934981  2.479
 85    -0.438 55182.50163077 12.14 120.257614  72.915238  3.725
 85    -0.071 55182.50163142 11.49 120.251704  72.918098  3.725
 85    -0.224 55182.50163206 11.33 120.245794  72.920958  3.725
 85    -0.313 55182.50163271 11.80 120.239874  72.923818  3.725
 85    -0.378 55182.50163335 11.72 120.233954  72.926678  3.725
 85    -0.262 55182.50163400  9.99 120.228044  72.929538  3.725
 86     0.184 55217.50165041 12.40 120.255761  72.928256  3.585
 86    -0.028 55217.50165106 11.56 120.249851  72.931116  3.585
 86     0.621 55217.50165170  8.44 120.243931  72.933976  3.585
 87     0.389 55252.50162846 10.25 120.249085  72.922825  3.184
 87     0.118 55252.50162911  9.24 120.243175  72.925685  3.184
 87     0.205 55252.50162975  8.98 120.237255  72.928545  3.184
 87    -0.281 55252.50163040  7.45 120.231335  72.931405  3.184
 88     1.306 55287.50163822  8.68 120.297270  72.912135  5.272
 88     0.112 55287.50164273  7.48 120.255908  72.932167  2.517
 88     0.326 55287.50164337  6.13 120.249998  72.935037  2.517
 89    -0.294 55322.50161455  6.60 120.282763  72.912301  2.514
 89    -0.200 55322.50161519  7.65 120.276862  72.915163  2.987
 89    -0.238 55322.50161584  7.96 120.270952  72.918023  2.987
 89    -0.165 55322.50161648  7.96 120.265042  72.920883  2.987
 89    -0.091 55322.50161713  8.00 120.259132  72.923743  2.987
 89    -0.197 55322.50161777  7.48 120.253222  72.926613  2.987
 89    -0.109 55322.50161842  5.94 120.247302  72.929473  2.987
 89    -0.071 55322.50161906  4.82 120.241382  72.932333  2.987
 89    -0.288 55322.50161971  4.31 120.235472  72.935193  2.987
 90    20.633 55357.50161354 13.34 120.286867  72.911749  2.484
 90     5.748 55357.50161418 17.54 120.280957  72.914609  2.484
 90     3.017 55357.50161547 22.70 120.269147  72.920328  8.909
 90     3.650 55357.50161611 21.26 120.263237  72.923188  8.909
 90     4.564 55357.50161676 19.55 120.257327  72.926048  8.909
 90     5.989 55357.50161740 18.94 120.251407  72.928918  8.909
 90     7.118 55357.50161805 20.02 120.245497  72.931778  8.909
 90     5.598 55357.50161869 28.80 120.239577  72.934638  8.909
 91     3.419 55392.50161611 10.21 120.274953  72.911223  6.486
 91     3.145 55392.50161676 12.06 120.269053  72.914083  6.486
 91     2.832 55392.50161740 11.69 120.263143  72.916943  6.486
 91     2.552 55392.50161805 13.98 120.257233  72.919813  6.486
 91     2.257 55392.50161869 14.94 120.251313  72.922673  6.486
 91     2.292 55392.50161934 13.85 120.245403  72.925533  6.486
 91     2.200 55392.50161998 14.00 120.239483  72.928393  6.486
 92    35.066 55427.50162985  6.60 120.284752  72.911429  3.622
 92    37.057 55427.50163049  5.98 120.278852  72.914289  3.622
 92    22.925 55427.50163114  8.71 120.272942  72.917149  3.622
 92    30.792 55427.50163178  8.59 120.267032  72.920013  5.389
 92    22.030 55427.50163243 10.25 120.261122  72.922873  5.389
 92    21.629 55427.50163307  8.27 120.255212  72.925733  5.389
 92    25.724 55427.50163372  7.25 120.249292  72.928603  5.389
 92    19.868 55427.50163436  9.87 120.243382  72.931463  5.389
 92    18.365 55427.50163501 13.02 120.237462  72.934323  5.389
 93    -0.123 55462.50159347 15.46 120.310588  72.907801 14.757
 93    -0.139 55462.50159412 15.82 120.304688  72.910661 14.757
 93    -0.019 55462.50159476 15.92 120.298788  72.913531 14.757
 93     0.610 55462.50159541 17.29 120.292888  72.916391 14.757
 93    -0.244 55462.50159605 22.02 120.286978  72.919251 14.757
 93     0.565 55462.50159670 21.47 120.281068  72.922111 14.757
 93     1.219 55462.50159734 22.47 120.275158  72.924981 14.757
 93     2.601 55462.50159799 20.69 120.269249  72.927837  7.885
 93     3.193 55462.50159863 23.25 120.263339  72.930697  7.885
 93     3.842 55462.50159927 25.96 120.257419  72.933557  7.885
