 -97915.659   384.200     0.00    8.54
 -97544.843   378.088   -16.48   10.12
 -97173.934   371.332   -18.22   11.15
 -96802.933   363.992   -19.78   10.89
 -96431.838   356.151   -21.13   12.03
 -96060.650   351.877   -11.51    9.00
 -95689.369   351.280    -1.61    7.79
 -95317.995   352.160     2.37    7.58
 -94946.528   355.177     8.12    6.30
 -94574.967   358.549     9.07    6.08
 -94203.313   361.767     8.66    8.04
 -93831.565   370.203    22.69   10.56
 -93459.724   376.096    15.85    9.39
 -93087.789   375.338    -2.04   12.99
 -92715.761   365.923   -25.31   19.89
 -92343.639   351.856   -37.80   21.64
 -91971.423   335.703   -43.39   21.75
 -91599.113   325.386   -27.71   19.00
 -91226.709   318.677   -18.01   18.90
 -90854.211   319.295     1.66   24.75
 -90481.619   328.439    24.54   33.31
 -90108.933   339.058    28.49   34.80
 -89736.152   346.309    19.45   33.11
 -89363.278   348.782     6.63   30.65
 -88990.309   346.224    -6.86   32.56
 -88617.245   335.540   -28.64   33.68
 -88244.087   314.181   -57.23   40.75
 -87870.834   288.720   -68.21   45.85
 -87497.487   257.522   -83.56   40.82
 -87124.045   235.490   -58.99   25.62
 -86750.508   221.563   -37.28    9.31
 -86376.876   220.821    -1.99    8.52
 -86003.149   226.077    14.06   13.69
 -85629.327   243.617    46.92   34.68
 -85255.410   266.931    62.35   49.83
 -84881.398   297.884    82.75   59.65
 -84507.291   319.414    57.55   62.33
 -84133.088   335.314    42.49   60.05
 -83758.790   332.211    -8.29   55.38
 -83384.397   327.306   -13.10   45.73
 -83009.908   325.875    -3.82   32.64
 -82635.323   328.067     5.85   26.71
 -82260.642   339.996    31.84   25.75
 -81885.866   351.160    29.79   24.09
 -81510.994   354.817     9.76   25.45
 -81136.026   348.044   -18.06   29.73
 -80760.963   337.779   -27.37   29.44
 -80385.803   327.456   -27.52   23.09
 -80010.547   320.584   -18.31   15.00
 -79635.194   318.514    -5.52    8.30
 -79259.746   319.312     2.13    6.73
 -78884.201   321.822     6.68    6.61
 -78508.560   324.863     8.10    6.45
 -78132.822   327.789     7.79    5.71
 -77756.988   330.191     6.39    3.04
 -77381.057   330.660     1.25    3.00
 -77005.029   330.633    -0.07    3.77
 -76628.904   330.007    -1.66    4.16
 -76252.683   329.505    -1.34    3.95
 -75876.365   328.444    -2.82    3.49
 -75499.949   328.465     0.06    3.76
 -75123.437   328.767     0.80    4.73
 -74746.827   328.265    -1.33    5.25
 -74370.121   327.686    -1.54    6.01
 -73993.317   324.232    -9.16    7.86
 -73616.415   320.267   -10.52    8.02
 -73239.416   315.923   -11.52    7.06
 -72862.320   312.287    -9.64    4.35
 -72485.125   310.881    -3.73    2.80
 -72107.834   310.895     0.04    2.62
 -71730.444   310.905     0.03    3.02
 -71352.957   310.326    -1.53    4.15
 -70975.371   311.338     2.68    5.81
 -70597.688   312.278     2.49    6.58
 -70219.907   313.363     2.87    6.03
 -69842.027   314.368     2.66    3.67
 -69464.049   314.118    -0.66    2.87
 -69085.973   313.222    -2.37    3.10
 -68707.799   313.720     1.32    4.81
 -68329.526   316.329     6.90    6.62
 -67951.155   319.270     7.77    6.52
 -67572.685   323.349    10.78    6.51
 -67194.116   326.416     8.10    8.48
 -66815.449   328.355     5.12   11.21
 -66436.683   329.014     1.74   13.63
 -66057.818   328.787    -0.60   17.42
 -65678.853   327.470    -3.47   21.13
 -65299.790   330.101     6.94   25.64
 -64920.628   333.033     7.73   27.47
 -64541.366   337.931    12.92   24.81
 -64162.006   339.718     4.71   21.95
 -63782.545   337.377    -6.17   21.86
 -63402.986   331.040   -16.70   22.85
 -63023.327   324.947   -16.05   24.73
 -62643.568   319.245   -15.01   26.20
 -62263.710   315.779    -9.12   26.76
 -61883.751   314.349    -3.76   26.16
 -61503.693   312.349    -5.26   24.39
 -61123.535   309.748    -6.84   23.86
 -60743.278   305.693   -10.66   23.53
 -60362.920   301.758   -10.34   27.00
 -59982.461   295.735   -15.83   30.70
 -59601.903   286.053   -25.44   36.04
 -59221.244   275.257   -28.36   38.13
 -58840.485   263.490   -30.90   36.97
 -58459.626   257.886   -14.72   35.90
 -58078.666   252.441   -14.29   33.85
 -57697.605   243.758   -22.79   32.40
 -57316.444   231.152   -33.07   29.77
 -56935.182   217.624   -35.48   24.72
 -56553.819   205.304   -32.30   13.98
 -56172.355   199.236   -15.91    8.92
 -55790.790   196.374    -7.50    7.67
 -55409.124   192.745    -9.51    9.98
 -55027.356   187.867   -12.78   11.71
 -54645.488   185.652    -5.80   10.16
 -54263.518   187.949     6.01   10.20
 -53881.447   194.260    16.52   11.30
 -53499.274   202.063    20.42    8.60
 -53117.000   207.996    15.52    6.31
 -52734.624   211.541     9.27    5.36
 -52352.146   212.214     1.76    5.60
 -51983.946   211.574    -1.74    5.78
 -51620.405   209.129    -6.73    5.59
 -51256.775   204.818   -11.85    5.69
 -50893.055   200.574   -11.67    6.47
 -50529.246   195.806   -13.11    8.66
 -50165.348   189.941   -16.12    9.95
 -49801.359   183.642   -17.30    9.76
 -49437.282   179.033   -12.66    7.32
 -49073.114   178.794    -0.65    8.52
 -48708.857   183.923    14.08   12.32
 -48344.510   191.185    19.93   11.91
 -47980.073   195.787    12.63    8.90
 -47615.546   198.002     6.08    6.91
 -47250.928   198.068     0.18    5.37
 -46886.221   198.151     0.23    4.12
 -46521.424   198.547     1.08    3.34
 -46156.536   197.734    -2.23    4.81
 -45791.558   196.091    -4.50    6.33
 -45426.490   192.982    -8.52    7.81
 -45061.331   190.677    -6.31    8.85
 -44696.082   188.721    -5.35    9.25
 -44330.742   186.327    -6.55    9.95
 -43965.312   184.719    -4.40   10.07
 -43599.791   181.867    -7.80   10.88
 -43234.179   178.247    -9.90   11.36
 -42868.476   177.473    -2.11   11.32
 -42502.682   175.788    -4.61   11.95
 -42136.797   174.371    -3.87   12.11
 -41770.821   173.037    -3.65   11.78
 -41404.755   168.558   -12.23    9.88
 -41038.596   165.627    -8.01    8.40
 -40672.347   163.414    -6.04    8.22
 -40306.006   162.131    -3.50    7.84
 -39939.574   162.821     1.88    8.16
 -39573.051   162.949     0.35    8.29
 -39206.435   161.313    -4.46    8.68
 -38839.729   158.772    -6.93    9.42
 -38472.930   153.458   -14.49    9.98
 -38106.040   148.010   -14.85   10.26
 -37739.058   140.905   -19.36   10.23
 -37371.984   135.102   -15.81   11.12
 -37004.819   129.751   -14.57   12.18
 -36637.561   123.358   -17.41   10.90
 -36270.211   121.168    -5.96   10.31
 -35902.769   121.131    -0.10   10.73
 -35535.235   123.215     5.67   10.55
 -35167.608   119.247   -10.79   18.52
 -34799.889   106.768   -33.93   28.97
 -34432.078    90.845   -43.29   29.04
 -34064.174    77.885   -35.23   21.85
 -33696.177    73.341   -12.35   15.72
 -33328.088    73.147    -0.53   12.63
 -32959.906    73.235     0.24   11.31
 -32591.632    71.870    -3.71    9.23
 -32223.264    67.784   -11.09   11.19
 -31854.804    62.659   -13.91   13.06
 -31486.251    62.332    -0.89   17.69
 -31117.604    67.252    13.34   24.27
 -30748.865    79.414    32.98   27.57
 -30380.032    93.947    39.40   23.18
 -30011.106   107.053    35.52   16.95
 -29642.086   116.943    26.80   12.58
 -29272.973   123.043    16.53    8.70
 -28903.767   125.239     5.95    8.13
 -28534.467   122.602    -7.14    9.70
 -28165.074   118.215   -11.88    9.31
 -27795.586   115.634    -6.98    9.25
 -27426.005   116.313     1.84   10.92
 -27056.330   118.831     6.81    9.58
 -26686.562   120.115     3.47    7.54
 -26316.699   117.858    -6.10    9.83
 -25946.742   112.341   -14.91   12.68
 -25576.691   109.561    -7.51   14.84
 -25206.546   108.567    -2.69   16.98
 -24836.306   112.088     9.51   15.17
 -24465.972   114.168     5.62   11.03
 -24095.544   113.124    -2.82    7.30
 -23725.021   111.222    -5.13    8.51
 -23354.404   108.287    -7.92    8.43
 -22983.692   104.576   -10.01   10.03
 -22612.886   101.701    -7.75    9.79
 -22241.984    97.730   -10.71    8.11
 -21870.988    95.503    -6.00    6.24
 -21499.897    93.852    -4.45    5.83
 -21128.710    92.574    -3.44    7.06
 -20757.429    91.504    -2.88    9.19
 -20386.052    89.497    -5.40   10.48
 -20014.581    86.338    -8.51   10.44
 -19643.014    83.470    -7.72   10.21
 -19271.351    77.720   -15.47   10.69
 -18899.594    71.214   -17.50   11.40
 -18527.740    64.839   -17.14   11.03
 -18155.791    58.627   -16.70   11.32
 -17783.747    54.693   -10.57   13.39
 -17411.606    48.790   -15.86   15.77
 -17039.370    38.377   -27.98   21.44
 -16667.038    26.257   -32.55   24.72
 -16294.610    12.102   -38.01   22.96
 -15922.086     1.914   -27.35   16.57
 -15549.466    -5.939   -21.08    3.29
 -15176.750    -6.039    -0.27    2.79
 -14803.937    -5.500     1.45    2.86
 -14431.028    -3.676     4.89    4.77
 -14058.023     2.062    15.38   11.19
 -13684.921    11.190    24.47   13.71
 -13311.723    21.305    27.10   12.47
 -12938.428    29.043    20.73    8.13
 -12565.036    33.360    11.56    5.73
 -12191.548    34.603     3.33    6.03
 -11817.962    35.323     1.93    6.43
 -11444.280    34.896    -1.14    6.35
 -11070.501    32.914    -5.30    7.34
 -10696.625    30.952    -5.25    7.06
 -10322.651    29.693    -3.37    6.20
  -9948.580    30.817     3.01    7.87
  -9574.412    31.947     3.02    8.91
  -9200.147    29.550    -6.41   11.16
  -8825.784    24.968   -12.24   13.01
  -8451.324    23.004    -5.24   11.79
  -8076.766    24.112     2.96    9.28
  -7702.110    26.057     5.19    8.53
  -7327.356    28.812     7.35    6.93
  -6952.505    31.618     7.49    7.32
  -6577.556    33.135     4.04    8.05
  -6202.509    38.349    13.90    7.60
  -5827.363    40.815     6.57    6.98
  -5452.120    38.873    -5.17    9.38
  -5076.778    34.849   -10.72   10.48
  -4701.338    35.048     0.53   11.39
  -4325.800    38.923    10.32   10.33
  -3950.163    38.470    -1.20   10.23
  -3574.428    36.399    -5.51   11.95
  -3198.594    30.329   -16.15   10.78
  -2822.661    27.860    -6.57    7.23
  -2446.629    26.927    -2.48    6.31
  -2070.499    25.891    -2.75    8.44
  -1694.270    24.039    -4.92   10.24
  -1317.942    20.610    -9.11   10.69
   -941.515    14.860   -15.28   13.22
   -564.988     8.435   -17.06   12.93
   -188.362     4.283   -11.02   10.82
    188.363     8.755    11.87   17.99
    565.187    17.619    23.52   19.65
    942.111    24.423    18.05   17.07
   1319.134    26.562     5.67   13.11
   1696.257    20.404   -16.33    8.28
   2073.480    17.396    -7.97    4.60
   2450.802    17.491     0.25    4.80
   2828.225    18.528     2.75    7.06
   3205.747    18.148    -1.01    7.50
   3583.369    17.445    -1.86    7.43
   3961.092    16.422    -2.71    7.70
   4338.914    17.283     2.28    8.04
   4716.837    20.480     8.46   10.65
   5094.860    25.693    13.79   10.27
   5472.984    28.703     7.96    9.17
   5851.208    27.743    -2.54   11.31
   6229.533    23.197   -12.02   10.83
   6607.958    17.352   -15.45    6.60
   6986.484    14.067    -8.68    5.53
   7365.111    14.677     1.61    6.03
   7743.839    14.741     0.17    5.69
   8122.667    15.093     0.93    6.05
   8501.597    16.569     3.89    6.05
   8880.628    17.488     2.42    5.93
   9259.760    18.321     2.20    6.49
   9638.994    20.570     5.93    5.43
  10018.329    22.282     4.51    5.26
  10397.765    23.514     3.25    7.47
  10777.303    25.285     4.67    8.80
  11156.942    24.513    -2.03   11.12
  11536.684    25.294     2.06   11.01
  11916.527    27.990     7.10   12.92
  12296.471    34.717    17.70   18.64
  12676.518    43.155    22.20   22.80
  13056.667    45.660     6.59   23.77
  13436.918    45.185    -1.25   22.95
  13817.271    38.920   -16.47   18.88
  14197.726    32.701   -16.35   13.38
  14578.284    26.906   -15.23   12.25
  14958.944    25.177    -4.54   12.71
  15339.707    22.317    -7.51   10.28
  15720.573    25.229     7.65   11.85
  16101.541    33.991    23.00   13.42
  16482.611    45.539    30.31   12.49
  16863.785    53.922    21.99    9.26
  17245.062    60.257    16.61    6.51
  17626.441    65.278    13.17    7.65
  18007.924    70.221    12.96    7.61
  18389.510    73.555     8.74    6.81
  18771.199    73.727     0.45    6.83
  19152.992    72.849    -2.30    7.35
  19534.888    72.941     0.24    7.47
  19916.887    72.891    -0.13    7.78
  20298.990    74.351     3.82    8.40
  20681.197    70.912    -9.00   11.30
  21063.508    60.523   -27.17   19.49
  21445.922    44.894   -40.87   21.79
  21828.440    32.660   -31.98   18.70
  22211.063    28.073   -11.99   16.05
  22587.641    31.283     8.52   19.79
  22950.946    41.055    26.90   23.18
  23314.341    53.719    34.85   22.03
  23677.826    63.242    26.20   16.94
  24041.403    67.176    10.82   14.31
  24405.071    66.993    -0.50   14.15
  24768.831    63.855    -8.63   16.06
  25132.681    60.945    -8.00   16.75
  25496.623    61.815     2.39   16.99
  25860.656    63.611     4.94   14.24
  26224.781    60.628    -8.19   14.89
  26588.997    57.763    -7.87   17.06
  26953.304    54.099   -10.06   16.34
  27317.703    54.888     2.16   16.07
  27682.194    61.694    18.67   17.85
  28046.777    67.644    16.32   19.47
  28411.452    73.252    15.38   17.59
  28776.218    75.636     6.54   13.21
  29141.077    79.910    11.72   11.68
  29506.028    81.371     4.00   13.16
  29871.070    79.799    -4.30   14.09
  30236.205    81.378     4.32   15.34
  30601.433    85.776    12.04   21.25
  30966.752    89.316     9.69   24.81
  31332.164    97.555    22.55   23.96
  31697.669   104.549    19.13   24.56
  32063.266   105.475     2.53   23.56
  32428.955   107.975     6.84   20.80
  32794.738   108.037     0.17   17.65
  33160.613   107.297    -2.02   11.89
  33526.581   104.324    -8.12   11.00
  33892.642    98.070   -17.08   12.17
  34258.796    90.023   -21.98   11.40
  34625.043    83.912   -16.69    9.06
  34991.383    78.745   -14.11    4.85
  35357.816    77.596    -3.13    7.22
  35724.343    77.152    -1.21    9.45
  36090.963    76.193    -2.62   10.56
  36457.676    74.572    -4.42    9.95
  36824.483    73.027    -4.21    9.23
  37191.383    73.815     2.15   12.90
  37558.377    73.136    -1.85   15.15
  37925.465    72.961    -0.48   16.32
  38292.646    70.378    -7.04   17.03
  38659.922    64.545   -15.88   17.71
  39027.291    55.914   -23.50   18.18
  39394.754    47.804   -22.07   15.50
  39762.311    41.619   -16.83   14.27
  40129.963    41.734     0.31   16.60
  40497.708    42.354     1.69   16.10
  40865.548    41.033    -3.59   14.68
  41233.483    40.685    -0.95   14.33
  41601.511    38.104    -7.01   12.96
  41969.635    33.479   -12.56   12.45
  42337.852    30.709    -7.52   12.82
  42706.165    27.136    -9.70   11.95
  43074.572    23.787    -9.09   10.95
  43443.074    17.980   -15.76   12.63
  43811.671    12.718   -14.28   13.37
  44180.363     7.644   -13.76   11.55
  44549.149     1.959   -15.42    7.17
  44918.031    -0.358    -6.28    8.26
  45287.008    -3.259    -7.86    8.22
  45656.081    -5.932    -7.24    7.14
  46025.248    -8.220    -6.20    5.29
  46394.511    -9.063    -2.29    3.97
  46763.870    -7.348     4.64    7.33
  47133.324    -2.811    12.28   11.16
  47502.873     2.404    14.11   13.41
  47872.518    11.820    25.47   18.57
  48242.260    27.059    41.22   28.04
  48612.096    41.457    38.93   28.66
  48982.029    56.591    40.91   25.84
  49352.058    66.836    27.69   24.18
  49722.183    71.725    13.21   21.41
  50092.404    75.812    11.04   19.83
  50462.721    76.978     3.15   19.52
  50833.134    81.148    11.26   19.80
  51203.644    90.119    24.21   16.63
  51574.250    97.492    19.90   14.62
  51944.953   101.651    11.22   13.33
  52315.753   109.240    20.47   17.45
  52686.649   119.904    28.75   23.46
  53057.641   138.726    50.74   32.77
  53428.731   164.531    69.54   43.40
  53799.917   189.531    67.35   45.01
  54171.201   206.273    45.09   39.27
  54542.581   205.284    -2.66   38.15
  54914.059   190.295   -40.35   41.01
  55285.634   159.830   -81.99   41.73
  55657.306   144.305   -41.77   37.57
  56029.075   140.676    -9.76   41.85
  56400.942   153.124    33.48   48.58
  56772.907   166.088    34.85   45.70
  57144.968   168.181     5.62   41.85
  57517.128   177.252    24.38   33.04
  57889.385   181.763    12.12   26.35
  58261.741   186.436    12.55   18.63
  58634.194   186.904     1.26   15.54
  59006.745   180.776   -16.45   12.15
  59379.394   174.834   -15.95   10.83
  59752.141   167.121   -20.69   12.46
  60124.986   151.803   -41.09   22.67
  60497.930   132.229   -52.49   31.28
  60870.972   102.214   -80.46   43.71
  61244.112    87.140   -40.40   40.14
  61617.351    86.733    -1.09   38.88
  61990.689    96.424    25.96   37.16
  62364.125   110.573    37.89   26.23
  62737.660   115.996    14.52   13.26
  63111.294   110.172   -15.59   13.50
  63485.026   106.308   -10.34   11.89
  63858.858   107.386     2.88   13.11
  64232.789   114.484    18.98   15.95
  64606.819   120.323    15.61   14.66
  64980.948   114.359   -15.94   20.33
  65355.176   110.376   -10.64   22.88
  65729.504   116.777    17.10   30.97
  66103.931   128.692    31.82   35.63
  66478.458   146.396    47.27   28.70
  66853.084   158.025    31.04   10.11
  67227.811   156.857    -3.12   12.92
  67602.636   153.083   -10.07   19.40
  67977.562   148.117   -13.25   21.23
  68352.588   140.862   -19.35   18.50
  68727.714   135.668   -13.84   15.60
  69102.939   137.396     4.61   16.35
  69478.265   143.575    16.46   21.75
  69853.692   154.164    28.21   24.40
  70229.218   166.555    33.00   21.72
  70604.845   170.240     9.81   19.69
  70980.573   171.422     3.15   16.90
  71356.401   178.197    18.03   17.32
  71732.329   182.637    11.81   21.46
  72108.359   192.635    26.59   20.49
  72484.489   205.863    35.17   19.52
  72860.720   215.636    25.98   22.46
  73237.052   228.789    34.95   20.97
  73613.486   241.286    33.20   12.95
  73990.020   245.354    10.80    8.37
  74366.656   244.708    -1.72    8.26
  74743.393   249.454    12.60   17.83
  75120.231   260.343    28.90   26.14
  75497.171   273.779    35.64   26.23
  75874.212   286.668    34.19   19.09
  76251.355   288.668     5.30   17.97
  76628.600   283.268   -14.31   19.00
  77005.946   275.914   -19.49   17.78
  77383.395   262.416   -35.76   21.89
  77760.945   251.308   -29.42   19.92
  78138.598   234.810   -43.69   23.18
  78516.352   226.978   -20.73   22.75
  78894.209   225.294    -4.46   26.06
  79272.168   220.180   -13.53   26.97
  79650.230   207.035   -34.77   37.15
  80028.394   191.525   -41.01   37.72
  80406.660   180.531   -29.07   33.93
  80785.029   178.898    -4.32   39.28
  81163.501   185.065    16.30   46.20
  81542.076   190.189    13.54   46.46
  81920.753   188.980    -3.19   37.31
  82299.534   179.149   -25.96   31.65
  82678.418   173.392   -15.19   31.17
  83057.404   181.327    20.94   36.04
  83436.494   190.668    24.64   34.62
  83815.688   196.369    15.03   27.21
  84194.984   189.532   -18.03   23.70
  84574.384   178.276   -29.67   23.52
  84953.888   175.338    -7.74   23.62
  85333.495   172.194    -8.28   23.70
  85713.206   175.408     8.47   21.41
  86093.021   179.823    11.62   17.19
  86472.940   173.928   -15.52   19.43
  86852.963   162.763   -29.38   27.01
  87233.090   143.124   -51.67   25.05
  87613.321   126.028   -44.97   15.36
  87993.656   115.591   -27.44   10.24
  88374.095   112.298    -8.65    9.49
  88754.639   114.351     5.39   11.47
  89135.288   118.201    10.11   16.80
  89516.041   126.503    21.81   20.60
  89896.899   132.752    16.41   20.44
  90277.861   126.220   -17.15   23.59
  90658.928   109.840   -42.98   30.27
  91040.101    82.920   -70.63   33.22
  91421.378    58.004   -65.35   26.65
  91802.760    35.764   -58.32   18.79
  92184.248    29.875   -15.44   15.44
  92565.841    37.821    20.82   24.99
  92947.539    59.944    57.96   35.90
  93329.343    84.894    65.35   35.05
  93711.252   117.558    85.53   39.38
  94093.267   146.424    75.57   34.34
  94475.387   168.378    57.46   26.25
  94857.614   178.164    25.60   22.51
  95239.946   180.206     5.34   20.19
  95622.384   168.534   -30.52   22.30
  96004.929   156.748   -30.81   19.17
  96387.579   147.460   -24.27   18.89
  96770.336   134.086   -34.94   21.70
  97153.199   120.310   -35.98   23.91
  97518.922   115.989   -11.82   21.19
  97882.090   120.276    11.81   22.53
  98245.350   137.346    46.99   26.44
  98608.703   153.109    43.38   20.70
  98972.149   156.132     8.32   17.44
  99335.687   146.953   -25.25   22.84
  99699.318   131.176   -43.39   24.33
 100063.042   117.004   -38.97   17.50
 100426.859   112.073   -13.55   13.24
 100790.768   113.250     3.23   12.05
 101154.771   112.207    -2.86   12.12
 101518.866   108.321   -10.67   14.48
 101883.055    95.176   -36.10   21.61
 102247.337    81.863   -36.55   22.14
 102611.712    79.156    -7.43   23.48
 102976.181    90.109    30.05   30.85
 103340.743    98.747    23.69   29.10
 103705.399   105.349    18.10   22.86
 104070.148   102.885    -6.75   22.43
 104434.991   100.700    -5.99   22.65
 104799.928   102.842     5.87   24.70
 105164.958   111.573    23.92   22.46
 105530.082   119.213    20.93   19.43
 105895.300   127.156    21.75   22.76
 106260.613   134.559    20.27   32.03
 106626.019   139.227    12.78   35.40
 106991.520   149.221    27.34   33.10
 107357.114   159.382    27.79   32.53
 107722.803   162.645     8.92   33.55
 108088.587   169.906    19.85   31.48
 108454.465   178.903    24.59   31.72
 108820.437   175.322    -9.78   32.09
 109186.504   173.588    -4.74   27.74
 109552.666   166.847   -18.41   29.04
 109918.923   149.420   -47.58   28.46
 110285.274   132.010   -47.53   23.06
 110651.721   122.878   -24.92   17.88
 111018.262   123.201     0.88   17.63
 111384.898   132.224    24.61   15.88
 111751.630   140.106    21.49   13.71
 112118.456   146.132    16.43   13.10
 112485.378   145.884    -0.68   18.25
 112852.396   145.152    -1.99   21.55
 113219.509   143.750    -3.82   23.02
 113586.717   144.426     1.84   20.96
 113954.021   147.358     7.98   18.23
 114321.420   148.307     2.58   14.56
 114688.916   150.361     5.59   12.06
 115056.507   146.606   -10.22   15.48
 115424.194   140.985   -15.29   17.87
 115791.977   130.786   -27.73   24.05
 116159.856   121.059   -26.44   27.27
 116527.831   109.243   -32.11   27.98
 116895.902    95.145   -38.31   28.98
 117264.070    83.926   -30.47   26.85
 117632.334    72.270   -31.65   24.01
 118000.694    64.428   -21.29   23.59
 118369.151    58.184   -16.95   22.41
 118737.704    51.574   -17.94   18.66
 119106.354    48.464    -8.44   16.05
 119475.101    47.164    -3.52   13.60
 119843.945    49.795     7.13   11.94
 120212.885    52.496     7.32   10.68
 120581.923    55.660     8.57   10.78
 120951.058    59.754    11.09    9.10
 121320.289    60.692     2.54    9.30
 121689.618    59.412    -3.46   10.90
 122059.044    55.426   -10.79   11.31
 122428.568    49.918   -14.91   10.69
 122798.188    45.110   -13.01    8.08
 123167.907    41.257   -10.42    7.11
 123537.723    39.078    -5.89    5.77
 123907.636    38.951    -0.34    5.39
 124277.648    40.909     5.29    7.05
 124647.757    40.377    -1.44    7.90
 125017.964    39.581    -2.15    9.07
 125388.269    41.076     4.04   11.25
 125758.672    44.368     8.89   13.15
 126129.173    53.356    24.26   12.49
 126499.773    61.293    21.42    7.50
 126870.471    63.168     5.06    6.74
 127241.267    57.911   -14.18   11.30
 127612.161    52.081   -15.72   11.88
 127983.154    46.082   -16.17    8.51
 128354.246    45.327    -2.03    7.79
 128725.436    48.279     7.95   10.00
 129096.726    54.375    16.42   11.97
 129468.114    63.599    24.84   14.31
 129839.600    75.476    31.98   16.77
 130211.186    83.196    20.78   16.34
 130582.871    88.343    13.85   17.52
 130954.656    90.579     6.02   17.21
 131326.539    88.870    -4.60   15.10
 131698.522    88.754    -0.31   12.61
 132070.604    87.660    -2.94   11.84
 132442.785    78.800   -23.81   21.86
 132815.067    65.259   -36.38   28.46
 133187.447    44.403   -56.01   24.36
 133559.928    35.422   -24.11   15.09
 133932.508    32.221    -8.59   11.05
 134305.188    25.420   -18.25   19.40
 134677.969    17.265   -21.88   24.21
 135050.849     3.293   -37.47   20.53
 135423.829    -6.996   -27.59   11.60
 135796.910   -11.091   -10.98    1.12
 136170.091   -11.332    -0.64    0.00
 136543.372   -11.332     0.00    0.00
 136916.754   -11.332     0.00    0.00
 137290.236   -11.332     0.00    0.00
 137663.819   -11.332     0.00    0.00
 138037.502   -11.332     0.00    0.00
 138411.287   -11.332     0.00    0.00
 138785.172   -11.332     0.00    0.00
 139159.158   -11.332     0.00    0.00
