# NaN NaN NaN ;Mean Elev.(m), Avg Gradient(m/km), RMS Gradient(m/km) - SRTM1     
#   12.420     NaN     NaN ;Mean Elev.(m), Avg Gradient(m/km), RMS Gradient(m/km) - ASTER GDEM
#    1.000   3.632  16.994 ;Mean Elev.(m), Avg Gradient(m/km), RMS Gradient(m/km) - GMTED2010 
  8 120.624169  72.870702     4.294     5.013  4 52490.16224534 25.965
  9 120.607283  72.872223    73.714    73.714  2 52525.16222409  0.659
 10 120.627144  72.868218    -0.016    -0.020  4 52560.16227311 37.451
 11 120.613519  72.870355    -0.541    -0.539  4 52595.16228007 22.848
 12 120.638830  72.868069    -0.047    -0.046  4 52630.16221265 21.375
 14 120.652731  72.870711    -0.093    -0.058  3 52700.16221332 20.347
 15 120.621939  72.870915     0.387     0.365  4 52735.16224608 15.716
 16 120.603125  72.871411     3.503     3.187  4 52770.16223391 10.629
 17 120.640870  72.868782     6.475     6.237  4 52805.16227011 36.113
 19 120.626494  72.868037     1.949     1.952  4 52875.16237104 25.467
 20 120.614230  72.869520     5.537     5.412  4 52910.16234213 20.207
 21 120.660466  72.872942    -0.394    -0.394  2 52945.16228224 18.499
 23 120.610760  72.870747     0.645     0.798  3 53015.16232949 10.593
 24 120.639451  72.868983     0.768     0.750  4 53050.16230322 10.936
 27 120.616647  72.866569    12.894    12.894  2 53155.16236346  4.566
 28 120.628010  72.869280     5.400     5.170  5 53190.16235308 22.717
 29 120.615862  72.869099     4.370     3.623  4 53225.16236316 18.747
 30 120.600721  72.870588    -0.023    -0.015  4 53260.16233793 45.825
 31 120.627100  72.870176    -0.290    -0.284  4 53295.16236574 34.475
 32 120.620883  72.869374     0.032     0.045  4 53330.16233901 20.135
 33 120.609499  72.870470    -0.064    -0.106  3 53365.16228862 31.553
 35 120.611850  72.870654     0.156     0.214  3 53435.16230361 19.157
 38 120.618197  72.869770     5.483     5.367  4 53540.16238937 24.151
 39 120.609610  72.870595     0.913     0.965  4 53575.16238382 28.529
 40 120.599506  72.870661    70.470    70.332  4 53610.16233482  1.149
 41 120.639888  72.869392     1.076     0.893  4 53645.16233705 25.222
 42 120.611434  72.869908    -0.210    -0.178  4 53680.16235499 19.689
 43 120.610444  72.870429    -0.052    -0.059  3 53715.16228292 15.940
 44 120.651912  72.870193     0.309     0.090  4 53750.16219815 13.928
 45 120.621554  72.870415     0.137     0.132  4 53785.16222940 12.922
 46 120.597073  72.870228    -0.080    -0.080  2 53820.16218915 11.861
 47 120.627908  72.869298     0.149     0.191  5 53855.16227217  9.191
 48 120.631079  72.869101     1.465     1.453  4 53890.16228217 24.265
 49 120.616601  72.870082    -0.132    -0.128  4 53925.16234724 37.651
 52 120.638713  72.869288    -0.637    -0.619  4 54030.16232749 27.092
 53 120.620048  72.870032     0.009     0.021  4 54065.16232179 17.810
 55 120.638721  72.870041     0.409     0.182  4 54135.16224666 14.991
 57 120.636671  72.869092     0.073     0.106  4 54205.16225148 15.667
 59 120.623976  72.870688     4.878     4.426  4 54275.16230153 21.228
 61 120.606492  72.870778     3.259     2.361  3 54345.16227912 24.036
 62 120.633984  72.869705     1.052     1.022  4 54380.16223910 22.992
 63 120.613565  72.869342     0.137     0.134  4 54415.16222767 19.609
 65 120.624028  72.869292    -0.011    -0.023  5 54485.16222254 14.288
 66 120.633620  72.869086     0.100    -0.016  4 54520.16222047 14.858
 67 120.609631  72.870313    -0.019     0.027  4 54555.16223399 13.454
 68 120.629986  72.870642     0.042    -0.036  4 54590.16221611 11.208
 69 120.618370  72.870037     3.126     3.019  3 54625.16223332 20.897
 70 120.623986  72.870964     1.546     1.550  4 54660.16224135 22.063
 71 120.614038  72.870565     1.841     1.673  4 54695.16222040 24.309
 72 120.632148  72.868828     5.257     5.079  4 54730.16219640 19.214
 73 120.621478  72.869679     0.342     0.342  4 54765.16219880 31.080
 74 120.636833  72.869121     0.045     0.075  4 54800.16218999 17.618
 75 120.618144  72.869163    -0.124    -0.080  4 54835.16219016 19.350
 77 120.606237  72.871022     0.154     0.271  3 54905.16219909 17.693
 78 120.631894  72.869345     0.200     0.234  4 54940.16217904 13.812
 79 120.622519  72.868565     0.834     0.514  4 54975.16220924  8.534
 80 120.615667  72.869597     4.370     3.118  4 55010.16222121 22.081
 81 120.618581  72.866756     5.853     5.853  2 55045.16221221 16.007
 82 120.608110  72.870657     1.525     1.478  4 55080.16218695 25.679
 83 120.630703  72.869171    -0.079    -0.087  4 55115.16214371 46.161
 84 120.619767  72.870261     0.304     0.105  4 55150.16214334 15.470
 85 120.633916  72.868267     0.152     0.081  4 55185.16212793 12.968
 86 120.615180  72.869718     0.223     0.231  4 55220.16214154 14.540
 87 120.635126  72.870123    -0.027    -0.077  4 55255.16212375 12.246
 89 120.620122  72.869321     0.912     0.750  4 55325.16211018  6.410
 90 120.620145  72.871743    76.815    76.469  3 55360.16210740  1.164
 91 120.633328  72.870514    -0.261    -0.254  4 55395.16211236 37.266
 92 120.629119  72.871823    73.404    73.613  3 55430.16212254  2.243
