# NaN NaN NaN ;Mean Elev.(m), Avg Gradient(m/km), RMS Gradient(m/km) - SRTM1     
#    8.415  -0.708  16.934 ;Mean Elev.(m), Avg Gradient(m/km), RMS Gradient(m/km) - ASTER GDEM
#   11.332  -0.780  13.906 ;Mean Elev.(m), Avg Gradient(m/km), RMS Gradient(m/km) - GMTED2010 
  8     0.776 52484.49756105 39.84 123.650781  71.919710 17.676
  8     1.243 52484.49756169 33.90 123.645461  71.922620 17.676
  8     0.922 52484.49756234 37.62 123.640141  71.925530 17.676
  9    17.682 52519.49752294 21.98 123.660063  71.920439 17.488
  9     2.335 52519.49752359 27.32 123.654743  71.923359 17.488
  9    18.741 52519.49752423 18.86 123.649433  71.926269 17.488
 11    23.929 52589.49755924 17.94 123.650487  71.919252  5.413
 11    23.293 52589.49755989 18.51 123.645167  71.922162  5.413
 11    21.957 52589.49756053 19.41 123.639857  71.925072  5.413
 12    25.548 52624.49749960 13.88 123.659213  71.922935  2.983
 12    24.305 52624.49750025 14.00 123.653893  71.925845  2.983
 15    25.831 52729.49754136  1.67 123.651218  71.919033  2.659
 15    26.155 52729.49754200  6.58 123.645898  71.921946  2.889
 15    25.054 52729.49754265  9.72 123.640578  71.924856  2.889
 16    25.364 52764.49755268  8.49 123.657904  71.920562  2.402
 16    23.864 52764.49755333  8.92 123.652589  71.923476  2.906
 16    23.105 52764.49755397  8.80 123.647269  71.926386  2.906
 19     1.869 52869.49764662 51.55 123.649549  71.917717 24.935
 19     1.780 52869.49764726 47.96 123.644229  71.920627 24.935
 19     2.221 52869.49764791 53.83 123.638909  71.923547 24.935
 20     2.921 52904.49765340 47.64 123.654467  71.918375 37.826
 20     2.342 52904.49765405 52.04 123.649147  71.921285 37.826
 20     2.908 52904.49765469 49.23 123.643827  71.924195 37.826
 21    23.863 52939.49758832 18.49 123.666707  71.923414  3.880
 21     8.923 52939.49758896 22.02 123.661387  71.926324  3.880
 21    17.006 52939.49758961 20.22 123.656067  71.929244  3.880
 23    23.929 53009.49763492 11.70 123.649744  71.916556  3.530
 23    23.362 53009.49763556 12.41 123.644424  71.919466  3.530
 23    22.714 53009.49763620 12.47 123.639114  71.922376  3.530
 25    23.648 53079.49762908  9.62 123.649180  71.918293  2.616
 25    23.117 53079.49762973  9.63 123.643860  71.921203  2.616
 25    21.997 53079.49763037  9.73 123.638540  71.924113  2.616
 27    13.817 53149.49764643 28.43 123.636725  71.920354 17.064
 27    17.690 53149.49764708 24.54 123.631405  71.923264 17.064
 28    24.128 53184.49763912 20.26 123.653705  71.917348 24.252
 28    23.662 53184.49763976 17.90 123.648385  71.920258 24.252
 28    22.710 53184.49764041 17.22 123.643065  71.923168 24.252
 29     1.305 53219.49766422 26.27 123.655066  71.917259 29.344
 29     1.318 53219.49766486 37.57 123.649756  71.920169 29.344
 29     1.143 53219.49766551 30.12 123.644436  71.923079 29.344
 30     0.898 53254.49764170 42.07 123.660516  71.920064 29.808
 30     0.917 53254.49764234 36.75 123.655206  71.922974 29.808
 30     1.242 53254.49764299 48.78 123.649886  71.925884 29.808
 32    14.843 53324.49762369 21.92 123.653107  71.919854  4.493
 32    22.408 53324.49762434 19.75 123.647787  71.922764  4.493
 32    17.447 53324.49762498 19.94 123.642467  71.925684  4.493
 33    23.448 53359.49758552 18.06 123.658502  71.923195  3.427
 33    23.346 53359.49758617 16.73 123.653182  71.926115  3.427
 35    24.097 53429.49759635 13.14 123.657875  71.922185  2.558
 35    23.626 53429.49759700 12.69 123.652555  71.925105  2.558
 37    38.985 53499.49768611  0.74 123.635518  71.920479  1.990
 37    36.360 53499.49768675  1.01 123.630198  71.923399  1.990
 38    26.862 53534.49767093 24.71 123.655172  71.919043  6.520
 38     7.305 53534.49767157 44.42 123.649852  71.921953  6.520
 38     6.278 53534.49767222 48.60 123.644532  71.924863  6.520
 39     1.119 53569.49768468 36.26 123.647303  71.918693 19.947
 39     1.426 53569.49768533 34.76 123.641993  71.921603 19.947
 39     1.378 53569.49768597 44.01 123.636673  71.924513 19.947
 40     4.292 53604.49763222 44.47 123.656935  71.925321 10.731
 40     1.411 53604.49763287 49.63 123.651615  71.928231 10.731
 42    23.089 53674.49765007 17.63 123.643420  71.916630  3.567
 42    21.558 53674.49765072 18.03 123.638100  71.919540  3.567
 42    16.559 53674.49765136 19.00 123.632780  71.922450  3.567
 43    25.502 53709.49758106 13.99 123.663834  71.922371  3.200
 43    24.959 53709.49758170 13.70 123.658524  71.925281  3.200
 43    24.271 53709.49758235 13.83 123.653204  71.928201  3.200
 44    26.614 53744.49749092 11.40 123.671654  71.923976  3.712
 44    25.968 53744.49749157 11.17 123.666334  71.926896  3.712
 44    25.165 53744.49749221 11.57 123.661024  71.929806  3.712
 45    24.554 53779.49752009 11.71 123.653851  71.917194  5.261
 45    23.895 53779.49752073 10.85 123.648531  71.920104  5.261
 45    23.620 53779.49752138 10.21 123.643211  71.923014  5.261
 46    26.408 53814.49749317 10.44 123.666120  71.925523  3.416
 46    25.809 53814.49749382 11.31 123.660810  71.928443  3.416
 48     0.533 53884.49756789 29.12 123.648830  71.919402 14.628
 48     0.783 53884.49756854 30.63 123.643510  71.922312 14.628
 48     0.713 53884.49756918 29.97 123.638190  71.925232 14.628
 49    17.852 53919.49763354 25.76 123.645887  71.914738 13.071
 49    19.049 53919.49763483 17.32 123.635247  71.920568 13.071
 49    18.993 53919.49763547 20.24 123.629927  71.923478 13.071
 50    17.928 53954.49763394 21.14 123.647439  71.915655 13.021
 50    18.659 53954.49763523 21.52 123.636809  71.921475 13.021
 50    19.054 53954.49763587 22.85 123.631489  71.924395 13.021
 51     1.080 53989.49755603 20.08 123.664549  71.924728 16.100
 51    15.571 53989.49755668 18.02 123.659229  71.927638 16.100
 53    23.543 54059.49760949 16.07 123.651296  71.919724  4.013
 53    22.553 54059.49761014 15.48 123.645976  71.922634  4.013
 53    21.709 54059.49761078 15.74 123.640656  71.925554  4.013
 54    25.475 54094.49758670 12.53 123.661995  71.921242  2.967
 54    24.683 54094.49758735 12.14 123.656675  71.924152  2.967
 54    24.039 54094.49758799 12.01 123.651355  71.927062  2.967
 56    24.386 54164.49755717 12.07 123.654659  71.918542  1.975
 56    23.535 54164.49755781 12.05 123.649349  71.921452  1.975
 56    23.166 54164.49755846 11.71 123.644029  71.924362  1.975
 58     0.911 54234.49757134 35.86 123.646302  71.916794 12.012
 58     0.914 54234.49757199 24.84 123.640982  71.919704 12.012
 58    16.109 54234.49757263 19.36 123.635662  71.922614 12.012
 59     4.448 54269.49759139 47.82 123.649590  71.919346 14.471
 59     3.950 54269.49759203 49.72 123.644270  71.922266 14.471
 59     4.022 54269.49759268 48.19 123.638950  71.925176 14.471
 60     1.772 54304.49759407 33.20 123.651690  71.916875 17.029
 60     2.051 54304.49759471 30.82 123.646370  71.919785 17.029
 60     2.103 54304.49759536 28.01 123.641050  71.922695 17.029
 61     2.595 54339.49757829 52.25 123.655870  71.919949 13.052
 61     2.925 54339.49757893 49.28 123.650550  71.922859 13.052
 61     2.599 54339.49757958 47.19 123.645230  71.925769 13.052
 62     2.900 54374.49752792 24.18 123.645958  71.915631  9.330
 62     3.158 54374.49752921 23.97 123.635318  71.921461  9.330
 62     2.734 54374.49752985 34.21 123.629998  71.924371  9.330
 63    23.737 54409.49752414 14.80 123.650746  71.918478  2.921
 63    23.029 54409.49752478 14.63 123.645436  71.921388  2.921
 63    22.245 54409.49752543 14.63 123.640116  71.924308  2.921
 65    24.545 54479.49751433  7.20 123.651354  71.917866  3.205
 65    24.145 54479.49751497  6.84 123.646034  71.920776  3.205
 65    23.244 54479.49751562  7.31 123.640714  71.923686  3.205
 67    25.824 54549.49752771  6.88 123.658447  71.918623  3.820
 67    25.449 54549.49752835  6.92 123.653127  71.921533  3.820
 67    24.722 54549.49752900  6.62 123.647807  71.924443  3.820
 68    35.301 54584.49750093  3.51 123.647406  71.917663  3.018
 68    35.942 54584.49750158  3.39 123.642086  71.920573  3.018
 68    27.443 54584.49750222  4.63 123.636766  71.923483  3.018
 69    23.936 54619.49752029 26.47 123.651599  71.916261 15.296
 69    23.877 54619.49752094 22.57 123.646279  71.919171 15.296
 69    23.065 54619.49752158 21.65 123.640959  71.922081 15.296
 69    16.778 54619.49752223 32.33 123.635639  71.924991 15.296
 70     3.502 54654.49753180 42.97 123.648619  71.918357 26.859
 70     3.399 54654.49753245 41.08 123.643299  71.921267 26.859
 70     3.674 54654.49753309 39.77 123.637979  71.924177 26.859
 71     1.888 54689.49751927 22.65 123.653525  71.919894 21.767
 71     1.931 54689.49751991 22.39 123.648205  71.922814 21.767
 71    16.412 54689.49752056 22.54 123.642885  71.925724 21.767
 73    13.992 54759.49749493 27.54 123.653180  71.917231 12.939
 73     0.916 54759.49749558 28.11 123.647870  71.920151 12.939
 73    16.593 54759.49749622 25.26 123.642550  71.923061 12.939
 75    23.069 54829.49749438 11.38 123.649689  71.917068  2.642
 75    22.873 54829.49749503 11.26 123.644369  71.919978  2.642
 75    21.557 54829.49749567 11.04 123.639049  71.922888  2.642
 77    24.278 54899.49749372  9.88 123.655198  71.917847  2.438
 77    23.528 54899.49749437 10.63 123.649878  71.920757  2.438
 77    22.464 54899.49749501  9.83 123.644558  71.923667  2.438
 78    24.354 54934.49746179  6.31 123.643352  71.915953  3.511
 78    22.693 54934.49746308  7.48 123.632712  71.921773  3.511
 78    20.843 54934.49746372  9.28 123.627392  71.924683  3.511
 79    36.242 54969.49749554  5.87 123.647581  71.918227  2.564
 79    29.757 54969.49749619  7.35 123.642261  71.921137  2.564
 79    23.608 54969.49749683  8.12 123.636941  71.924047  2.564
 80     5.067 55004.49751494 50.40 123.648529  71.917040 14.998
 80     5.064 55004.49751559 49.84 123.643219  71.919950 14.998
 80     5.175 55004.49751623 49.66 123.637899  71.922860 14.998
 81     1.191 55039.49750255 31.56 123.650090  71.918761 17.920
 81     0.963 55039.49750320 29.96 123.644770  71.921671 17.920
 81     0.826 55039.49750384 25.48 123.639450  71.924581 17.920
 82    -0.094 55074.49748644 50.19 123.654288  71.920833 30.353
 82     1.097 55074.49748709 46.87 123.648968  71.923753 30.353
 82    -0.131 55074.49748773 45.49 123.643648  71.926663 30.353
 84    -0.018 55144.49743840 27.79 123.651021  71.918531 13.063
 84     0.026 55144.49743904 29.49 123.645701  71.921441 13.063
 84    -0.080 55144.49743969 28.09 123.640381  71.924351 13.063
 86    24.064 55214.49743314  9.81 123.650323  71.919133  2.434
 86    23.105 55214.49743378  9.94 123.645013  71.922043  2.434
 86    21.942 55214.49743443  9.81 123.639693  71.924953  2.434
 87    20.800 55249.49740843  8.74 123.635103  71.919950  3.182
 87    19.807 55249.49740908  8.77 123.629783  71.922860  3.182
 88    29.405 55284.49742684  4.70 123.655159  71.919135  3.162
 88    33.578 55284.49742749  5.19 123.649839  71.922045  3.162
 88    23.699 55284.49742813  6.56 123.644519  71.924955  3.162
 89    38.005 55319.49739849  4.73 123.650936  71.917357  2.372
 89    35.826 55319.49739913  5.40 123.645616  71.920267  2.372
 89    34.172 55319.49739978  5.70 123.640296  71.923177  2.372
 90    24.137 55354.49740005 24.54 123.652713  71.918298 16.055
 90    25.502 55354.49740069 19.84 123.647393  71.921208 16.055
 90    22.959 55354.49740134 21.27 123.642083  71.924118 16.055
 92     1.067 55424.49741756 31.75 123.649325  71.919087 25.036
 92     0.904 55424.49741820 30.41 123.644015  71.921997 25.036
 92     1.310 55424.49741885 23.53 123.638695  71.924907 25.036
 93     2.201 55459.49738785 24.08 123.655891  71.921813 16.977
 93     2.144 55459.49738849 25.32 123.650571  71.924723 16.977
