-113246.521   150.379     0.00    9.27
-112866.250   145.574   -12.63   11.67
-112485.877   138.408   -18.84   12.42
-112105.401   130.062   -21.93   11.55
-111724.823   123.682   -16.76   13.62
-111344.142   119.812   -10.17   14.72
-110963.359   119.281    -1.40   13.09
-110582.473   122.396     8.18   11.42
-110201.484   127.069    12.26   10.26
-109820.392   131.174    10.77    8.73
-109439.197   134.021     7.47    6.10
-109057.900   134.863     2.21    4.35
-108676.499   133.666    -3.14    4.17
-108294.995   131.731    -5.07    4.64
-107913.387   128.384    -8.77    6.64
-107531.676   123.543   -12.68    7.66
-107149.862   120.756    -7.30    6.46
-106767.944   119.088    -4.37    7.49
-106385.923   119.043    -0.12    8.15
-106003.798   118.993    -0.13    7.93
-105621.569   118.443    -1.44    6.70
-105239.236   117.253    -3.11    5.68
-104856.799   116.139    -2.91    5.55
-104474.258   117.207     2.79    7.12
-104091.614   120.146     7.68    9.15
-103722.963   125.354    14.13   10.49
-103359.653   130.438    13.99   11.04
-102996.251   137.150    18.47   12.96
-102632.759   143.814    18.33   12.63
-102269.175   150.924    19.56    9.45
-101905.501   153.274     6.46    6.35
-101541.735   152.074    -3.30    7.69
-101177.878   147.924   -11.40    9.63
-100813.929   144.236   -10.13    8.31
-100449.889   141.975    -6.21    6.16
-100085.757   139.148    -7.76    3.82
 -99721.534   136.096    -8.38    5.33
 -99357.220   131.524   -12.55    7.44
 -98992.813   124.450   -19.41    7.72
 -98628.315   118.153   -17.28    8.25
 -98263.724   113.199   -13.59    6.29
 -97899.042   110.152    -8.35    6.11
 -97534.268   108.225    -5.28    7.33
 -97169.402   106.502    -4.72    7.44
 -96804.444   105.301    -3.29    6.23
 -96439.393   105.651     0.96    5.00
 -96074.250   107.136     4.07    5.66
 -95709.015   108.043     2.48    6.52
 -95343.687   108.233     0.52    6.63
 -94978.267   106.986    -3.41    6.05
 -94612.754   104.854    -5.83    5.50
 -94247.149   102.773    -5.69    5.24
 -93881.451   100.838    -5.29    4.68
 -93515.660    99.662    -3.21    3.69
 -93149.776    99.586    -0.21    2.73
 -92783.800    99.795     0.57    2.46
 -92417.730    99.911     0.31    2.47
 -92051.567    99.749    -0.44    2.70
 -91685.311   100.401     1.78    2.64
 -91318.962   102.566     5.91    3.73
 -90952.520   105.080     6.86    3.88
 -90585.984   107.600     6.88    4.21
 -90219.355   109.798     5.99    4.37
 -89852.632   111.821     5.52    4.09
 -89485.816   114.240     6.59    4.96
 -89118.906   116.879     7.19    5.05
 -88751.903   118.726     5.03    3.90
 -88384.805   118.773     0.13    4.08
 -88017.614   117.306    -4.00    5.13
 -87650.329   114.431    -7.83    3.62
 -87282.950   113.193    -3.37    2.64
 -86915.477   111.663    -4.16    3.21
 -86547.909   109.171    -6.78    4.72
 -86180.248   107.441    -4.71    5.15
 -85812.492   106.457    -2.68    5.24
 -85444.641   108.420     5.34    8.01
 -85076.697   113.918    14.94   11.83
 -84708.658   121.082    19.46   11.59
 -84340.524   125.204    11.20    8.64
 -83972.295   125.427     0.61    7.14
 -83603.972   120.192   -14.21    8.95
 -83235.554   112.072   -22.04   10.79
 -82867.041   104.656   -20.12    9.53
 -82498.433   101.708    -8.00    7.86
 -82129.730   102.862     3.13    9.42
 -81760.932   105.779     7.91   10.11
 -81392.039   107.756     5.36   10.14
 -81023.051   110.128     6.43    9.88
 -80653.967   113.235     8.42   11.17
 -80284.788   119.846    17.91   11.88
 -79915.513   125.318    14.82    9.32
 -79546.143   128.695     9.14    7.76
 -79176.677   131.686     8.09    7.26
 -78807.116   134.251     6.94    6.26
 -78437.458   135.986     4.69    4.43
 -78067.705   136.126     0.38    4.65
 -77697.856   134.238    -5.10    6.11
 -77327.911   131.134    -8.39    7.01
 -76957.870   128.185    -7.97    6.71
 -76587.733   125.174    -8.13    5.34
 -76217.499   123.124    -5.54    5.32
 -75847.169   121.383    -4.70    5.99
 -75476.743   119.846    -4.15    7.17
 -75106.220   121.275     3.85    7.18
 -74735.601   121.468     0.52    7.38
 -74364.886   124.410     7.93    8.81
 -73994.073   127.104     7.27    9.62
 -73623.164   130.270     8.54   11.59
 -73252.158   134.628    11.75   14.73
 -72881.055   137.415     7.51   14.83
 -72509.855   140.554     8.45   12.75
 -72138.558   141.378     2.22    9.72
 -71767.164   145.270    10.48    9.69
 -71395.673   153.378    21.83   13.77
 -71024.084   161.679    22.34   12.90
 -70652.398   167.221    14.91    9.22
 -70280.615   167.013    -0.56    7.78
 -69908.734   163.673    -8.98    8.31
 -69536.755   158.661   -13.47    8.55
 -69164.679   155.454    -8.62    8.68
 -68792.505   152.062    -9.11    8.23
 -68420.233   146.078   -16.07   12.05
 -68047.863   138.338   -20.79   13.00
 -67675.396   130.939   -19.86   11.44
 -67302.830   126.989   -10.60   10.89
 -66930.166   127.297     0.83   11.55
 -66557.404   127.902     1.62   10.88
 -66184.544   128.330     1.15    9.86
 -65811.585   127.905    -1.14    9.09
 -65438.528   129.029     3.01    9.84
 -65065.372   131.505     6.64    9.50
 -64692.118   134.614     8.33    8.11
 -64318.765   137.648     8.12    8.17
 -63945.313   140.674     8.10    8.57
 -63571.762   142.991     6.20    8.63
 -63198.113   144.998     5.37    8.09
 -62824.364   145.754     2.02    6.92
 -62450.516   143.720    -5.44    5.76
 -62076.570   141.871    -4.94    6.09
 -61702.523   138.410    -9.25    8.67
 -61328.378   135.790    -7.00   10.27
 -60954.133   132.748    -8.13   11.32
 -60579.789   127.403   -14.28   14.22
 -60205.345   117.098   -27.52   18.23
 -59830.802   106.741   -27.65   17.82
 -59456.159   100.894   -15.61   14.72
 -59081.416   100.192    -1.87   12.49
 -58706.573   101.366     3.13   10.98
 -58331.630    99.285    -5.55   11.40
 -57956.588    96.993    -6.11   11.41
 -57581.445    91.989   -13.34   12.65
 -57206.202    91.863    -0.34   14.24
 -56830.858    97.830    15.90   15.53
 -56455.414   101.717    10.35   16.39
 -56079.870   109.703    21.26   10.83
 -55704.226   111.894     5.83    7.45
 -55328.480   110.114    -4.74    6.40
 -54952.634   109.933    -0.48    5.18
 -54576.688   112.064     5.67    5.49
 -54200.640   114.400     6.21    6.20
 -53824.492   115.311     2.42    6.92
 -53448.242   117.174     4.95    5.98
 -53071.892   117.177     0.01    6.64
 -52695.440   118.411     3.28    7.52
 -52318.887   121.395     7.92    8.67
 -51942.232   127.044    15.00    9.72
 -51565.477   133.519    17.18    8.09
 -51188.619   133.382    -0.36    9.36
 -50811.661   129.534   -10.21   12.60
 -50434.600   122.281   -19.24   14.32
 -50057.438   113.656   -22.87   10.12
 -49680.174   107.686   -15.82    5.61
 -49302.808   105.719    -5.21    4.59
 -48925.340   107.582     4.94    7.75
 -48547.770   109.862     6.04   10.72
 -48170.098   111.529     4.41   12.91
 -47792.324   116.131    12.18   14.94
 -47414.447   124.203    21.36   12.48
 -47036.468   129.454    13.89    9.24
 -46658.386   131.040     4.19   10.06
 -46280.202   129.011    -5.36   11.31
 -45901.915   125.275    -9.88   11.59
 -45523.526   120.268   -13.23   10.95
 -45145.033   115.928   -11.47   10.18
 -44766.438   113.334    -6.85    8.64
 -44387.740   110.783    -6.74    9.07
 -44008.938   108.681    -5.55    8.88
 -43630.034   104.386   -11.34    8.67
 -43251.026    99.666   -12.45    8.65
 -42871.915    93.854   -15.33    9.70
 -42492.700    84.586   -24.44   15.26
 -42113.382    74.988   -25.30   16.79
 -41733.961    69.612   -14.17   15.48
 -41354.436    65.426   -11.03   14.76
 -40974.807    69.666    11.17   14.72
 -40595.074    75.560    15.52   11.31
 -40215.237    78.886     8.75    9.46
 -39835.296    80.539     4.35    8.02
 -39455.251    80.067    -1.24    8.58
 -39075.102    80.290     0.59    8.44
 -38694.849    81.766     3.88    8.01
 -38314.491    86.179    11.60    9.70
 -37934.029    98.255    31.74   19.67
 -37553.463   118.313    52.70   30.85
 -37172.792   136.988    49.06   28.81
 -36792.016   148.338    29.81   22.11
 -36411.135   141.562   -17.79   28.10
 -36030.150   127.518   -36.86   26.68
 -35649.059   111.027   -43.27   25.32
 -35267.864    98.129   -33.83   28.64
 -34886.563    82.209   -41.75   23.82
 -34505.157    76.137   -15.92   21.69
 -34123.646    71.574   -11.96   19.50
 -33742.029    67.066   -11.81   18.26
 -33360.307    59.767   -19.12   14.91
 -32978.480    50.886   -23.26   11.96
 -32596.546    42.962   -20.75   11.05
 -32214.507    35.296   -20.06   10.86
 -31832.363    28.240   -18.47    9.53
 -31450.112    21.951   -16.45    9.10
 -31067.755    15.741   -16.24    8.70
 -30685.293     9.956   -15.12    7.94
 -30302.724     5.524   -11.59    5.28
 -29920.048     3.452    -5.41    3.18
 -29537.267     2.401    -2.75    1.66
 -29159.847     2.492     0.24    1.68
 -28796.765     3.137     1.78    1.73
 -28433.591     4.048     2.51    2.47
 -28070.323     5.720     4.60    3.23
 -27706.964     7.052     3.67    3.54
 -27343.511     8.905     5.10    3.17
 -26979.966    10.768     5.13    3.38
 -26616.328    13.026     6.21    4.09
 -26252.597    16.575     9.76    4.95
 -25888.774    20.893    11.87    6.61
 -25524.857    25.637    13.04    7.41
 -25160.847    31.546    16.24    7.40
 -24796.744    38.838    20.03   10.86
 -24432.548    45.791    19.09   11.42
 -24068.258    52.663    18.86    9.78
 -23703.876    58.315    15.51    7.76
 -23339.399    62.547    11.61    5.41
 -22974.829    65.435     7.92    4.30
 -22610.166    68.555     8.56    5.05
 -22245.409    71.384     7.76    6.42
 -21880.558    73.230     5.06    6.95
 -21515.613    72.457    -2.12    8.24
 -21150.575    69.562    -7.93    9.90
 -20785.442    64.688   -13.35   10.92
 -20420.216    62.106    -7.07   12.09
 -20054.895    61.588    -1.42   13.57
 -19689.481    67.023    14.87   18.30
 -19323.972    74.401    20.18   18.22
 -18958.368    76.205     4.94   15.27
 -18592.671    75.413    -2.17   13.67
 -18226.878    71.854    -9.73   14.31
 -17860.992    69.822    -5.55   15.03
 -17495.010    68.638    -3.24   16.14
 -17128.934    71.205     7.01   15.44
 -16762.763    71.143    -0.17   14.75
 -16396.498    63.293   -21.43   20.72
 -16030.137    47.528   -43.03   23.45
 -15663.681    37.074   -28.53   19.22
 -15297.131    31.999   -13.84   15.55
 -14930.485    32.080     0.22   13.90
 -14563.744    37.011    13.45   12.86
 -14196.907    42.822    15.84   11.49
 -13829.976    47.365    12.38   12.74
 -13462.949    53.179    15.84   16.22
 -13095.826    65.072    32.39   22.62
 -12728.608    79.551    39.43   26.84
 -12361.294    96.206    45.34   30.81
 -11993.884   116.148    54.28   33.67
 -11626.379   128.401    33.34   30.88
 -11258.777   140.733    33.55   24.53
 -10891.080   146.594    15.94   19.91
 -10523.287   146.443    -0.41   19.13
 -10155.397   143.264    -8.64   20.48
  -9787.411   132.916   -28.12   22.72
  -9419.329   122.249   -28.98   22.97
  -9051.151   116.871   -14.61   23.57
  -8682.876   106.026   -29.45   26.55
  -8314.505    93.940   -32.81   26.16
  -7946.037    78.781   -41.14   19.25
  -7577.472    68.455   -28.02   15.11
  -7208.811    58.720   -26.41   17.80
  -6840.053    43.001   -42.63   25.52
  -6471.198    26.729   -44.11   25.65
  -6102.246    14.838   -32.23   19.20
  -5733.197     6.742   -21.94    7.09
  -5364.051     6.408    -0.90    7.01
  -4994.808     6.990     1.58    6.99
  -4625.467     8.429     3.89    9.77
  -4256.029    11.179     7.45   12.79
  -3886.494    17.249    16.43   20.15
  -3516.861    23.752    17.59   26.06
  -3147.130    28.276    12.23   29.03
  -2777.302    30.838     6.93   31.53
  -2407.376    23.612   -19.54   31.11
  -2037.353    13.776   -26.58   24.19
  -1667.231     4.359   -25.44   12.17
  -1297.011     0.830    -9.53    4.30
   -926.694    -0.052    -2.38    0.31
   -556.278    -0.066    -0.04    0.30
   -185.764    -0.084    -0.05    0.27
    184.849    -0.123    -0.10    0.20
    555.559    -0.060     0.17    0.35
    926.368     0.125     0.50    0.74
   1297.276     0.494     0.99    1.14
   1668.282     6.637    16.56   15.17
   2039.387    24.469    48.05   37.04
   2410.591    47.282    61.46   46.50
   2781.894    69.931    61.00   44.05
   3153.295    89.885    53.73   40.32
   3524.796    97.448    20.36   32.25
   3896.395   100.046     6.99   24.81
   4268.094    95.878   -11.21   24.11
   4639.892    86.381   -25.54   23.87
   5011.790    74.303   -32.48   20.66
   5383.787    69.497   -12.92   19.82
   5755.883    69.135    -0.97   20.72
   6128.079    71.288     5.78   22.01
   6500.374    76.746    14.66   20.04
   6872.770    72.401   -11.67   22.05
   7245.265    60.086   -33.06   24.81
   7617.860    46.656   -36.05   24.00
   7990.555    34.505   -32.60   19.90
   8363.350    23.510   -29.49   15.95
   8736.245    15.578   -21.27   14.03
   9109.240    11.323   -11.41   11.42
   9482.336     6.358   -13.31    6.26
   9855.532     3.985    -6.36    5.60
  10228.828     1.784    -5.90    4.21
  10602.225    -0.162    -5.21    2.21
  10975.723    -1.070    -2.43    0.29
  11349.321    -1.162    -0.25    0.00
  11723.021    -1.162     0.00    0.00
  12096.821    -0.779     1.02    1.89
  12470.722     1.578     6.30    5.87
  12844.724     4.970     9.07    7.60
  13218.827     7.072     5.62    7.72
  13593.031     8.537     3.91    7.36
  13967.337    10.100     4.17    7.14
  14341.744    10.346     0.66    6.91
  14716.253    11.291     2.52    5.26
  15090.863    11.205    -0.23    3.68
  15465.574     8.405    -7.47    2.71
  15840.388     7.133    -3.39    2.24
  16215.303     7.512     1.01    2.62
  16590.320     9.139     4.34    3.63
  16965.439    10.739     4.27    3.66
  17340.660    10.492    -0.66    5.32
  17715.983     9.269    -3.26    6.59
  18091.409     9.646     1.00   10.37
  18466.936    11.021     3.66   13.86
  18842.566    10.609    -1.10   15.49
  19218.299     7.487    -8.31   13.80
  19594.134     4.798    -7.15    9.52
  19970.071     4.739    -0.16    7.67
  20346.112     6.298     4.15    8.02
  20722.255     6.435     0.36    7.85
  21098.501     8.038     4.26    7.91
  21474.850     5.960    -5.52    7.91
  21851.302     2.838    -8.29    6.69
  22227.857     2.283    -1.48    6.27
  22604.516     3.729     3.84    7.88
  22981.277     7.762    10.71    9.50
  23358.143    11.936    11.08    9.13
  23735.111    13.100     3.09    8.99
  24112.183    14.784     4.47    8.32
  24489.359    14.210    -1.52    9.49
  24866.639    10.830    -8.96   10.64
  25244.022     8.191    -7.00   10.49
  25621.509     8.739     1.45   10.91
  25999.101     8.464    -0.73   10.39
  26376.796    10.693     5.90   10.04
  26754.596    12.823     5.64    9.22
  27132.499    13.158     0.89    8.04
  27510.507    13.453     0.78    6.88
  27888.620    12.968    -1.28    6.22
  28266.837    12.131    -2.21    5.11
  28645.159    11.632    -1.32    4.60
  29023.585    10.576    -2.79    4.17
  29402.116    11.009     1.14    4.43
  29780.752    12.601     4.21    5.07
  30159.493    10.673    -5.09    6.83
  30538.339     5.984   -12.38    7.62
  30917.291     2.955    -7.99    7.17
  31296.347    -0.818    -9.95    1.92
  31675.509    -1.162    -0.91    0.00
  32054.776    -1.162     0.00    0.00
  32434.148    -1.162     0.00    0.00
  32813.626    -1.162     0.00    0.00
  33193.210    -1.162     0.00    0.00
  33572.900    -1.162     0.00    0.00
  33952.695    -1.162     0.00    0.00
  34332.596    -1.162     0.00    0.00
  34712.603    -1.162     0.00    0.00
  35092.717    -1.162     0.00    0.00
  35472.936    -1.162     0.00    0.00
  35853.262    -1.162     0.00    0.00
  36233.695    -1.162     0.00    0.00
  36614.233    -1.162     0.00    0.00
  36994.879    -1.162     0.00    0.00
  37375.630    -1.162     0.00    0.00
  37756.489    -1.162     0.00    0.00
  38137.454    -1.162     0.00    0.00
  38518.527    -1.162     0.00    0.00
  38899.706    -1.162     0.00    0.00
  39280.993    -1.162     0.00    0.00
  39662.386    -1.162     0.00    0.00
  40043.887    -1.162     0.00    0.00
  40425.495    -1.162     0.00    0.00
  40807.211    -1.162     0.00    0.00
  41189.035    -1.162     0.00    0.00
  41570.965    -1.162     0.00    0.00
  41953.004    -1.162     0.00    0.00
  42335.151    -1.162     0.00    0.00
  42717.405    -1.162     0.00    0.00
  43099.767    -1.162     0.00    0.00
  43482.238    -1.162     0.00    0.00
  43864.816    -1.162     0.00    0.00
  44247.503    -1.162     0.00    0.00
  44630.299    -1.162     0.00    0.00
  45013.203    -1.162     0.00    0.00
  45396.215    -1.162     0.00    0.00
  45762.789    -1.162     0.00    0.00
  46125.747    -1.162     0.00    0.00
  46488.799    -1.162     0.00    0.00
  46851.945    -1.162     0.00    0.00
  47215.185    -1.162     0.00    0.00
  47578.519    -1.162     0.00    0.00
  47941.947    -1.162     0.00    0.00
  48305.469    -1.162     0.00    0.00
  48669.086    -1.162     0.00    0.00
  49032.797    -1.162     0.00    0.00
  49396.602    -1.162     0.00    0.00
  49760.502    -1.162     0.00    0.00
  50124.497    -1.162     0.00    0.00
  50488.586    -1.162     0.00    0.00
  50852.770    -1.162     0.00    0.00
  51217.049    -1.162     0.00    0.00
  51581.422    -1.162     0.00    0.00
  51945.891    -1.162     0.00    0.00
  52310.455    -1.162     0.00    0.00
  52675.113    -1.162     0.00    0.00
  53039.867    -1.162     0.00    0.00
  53404.717    -1.162     0.00    0.00
  53769.661    -1.162     0.00    0.00
  54134.701    -1.162     0.00    0.00
  54499.837    -1.162     0.00    0.00
  54865.068    -1.162     0.00    0.00
  55230.395    -1.162     0.00    0.00
  55595.817    -1.162     0.00    0.00
  55961.335    -1.162     0.00    0.00
  56326.950    -1.162     0.00    0.00
  56692.660    -1.162     0.00    0.00
  57058.466    -1.162     0.00    0.00
  57424.368    -1.162     0.00    0.00
  57790.367    -1.162     0.00    0.00
  58156.462    -1.162     0.00    0.00
  58522.653    -1.162     0.00    0.00
  58888.940    -1.162     0.00    0.00
  59255.324    -1.162     0.00    0.00
  59621.805    -1.162     0.00    0.00
  59988.382    -1.162     0.00    0.00
  60355.056    -1.162     0.00    0.00
  60721.827    -1.162     0.00    0.00
  61088.695    -1.162     0.00    0.00
  61455.660    -1.162     0.00    0.00
  61822.721    -1.162     0.00    0.00
  62189.880    -1.162     0.00    0.00
  62557.136    -1.162     0.00    0.00
  62924.490    -1.162     0.00    0.00
  63291.940    -1.162     0.00    0.00
  63659.489    -1.162     0.00    0.00
  64027.134    -1.162     0.00    0.00
  64394.878    -1.162     0.00    0.00
  64762.719    -1.162     0.00    0.00
  65130.657    -1.162     0.00    0.00
  65498.694    -1.162     0.00    0.00
  65866.828    -1.162     0.00    0.00
  66235.061    -1.162     0.00    0.00
  66603.391    -1.162     0.00    0.00
  66971.820    -1.162     0.00    0.00
  67340.347    -1.162     0.00    0.00
  67708.972    -1.162     0.00    0.00
  68077.696    -1.162     0.00    0.00
  68446.518    -1.162     0.00    0.00
  68815.439    -1.162     0.00    0.00
  69184.458    -1.162     0.00    0.00
  69553.576    -1.162     0.00    0.00
  69922.793    -1.162     0.00    0.00
  70292.109    -1.162     0.00    0.00
  70661.523    -1.162     0.00    0.00
  71031.037    -1.162     0.00    0.00
  71400.650    -1.162     0.00    0.00
  71770.362    -1.162     0.00    0.00
  72140.173    -1.162     0.00    0.00
  72510.084    -1.162     0.00    0.00
  72880.094    -1.162     0.00    0.00
  73250.204    -1.162     0.00    0.00
  73620.413    -1.162     0.00    0.00
  73990.722    -1.162     0.00    0.00
  74361.131    -1.162     0.00    0.00
  74731.639    -1.162     0.00    0.00
  75102.248    -1.162     0.00    0.00
  75472.956    -1.162     0.00    0.00
  75843.765    -1.162     0.00    0.00
  76214.674    -1.162     0.00    0.00
  76585.683    -1.162     0.00    0.00
  76956.792    -1.162     0.00    0.00
  77328.002    -1.162     0.00    0.00
  77699.312    -1.162     0.00    0.00
  78070.723    -1.162     0.00    0.00
  78442.235    -1.162     0.00    0.00
  78813.847    -1.162     0.00    0.00
  79185.561    -1.162     0.00    0.00
  79557.375    -1.162     0.00    0.00
  79929.290    -1.162     0.00    0.00
  80301.306    -1.162     0.00    0.00
  80673.424    -1.162     0.00    0.00
  81045.642    -1.162     0.00    0.00
  81417.962    -1.162     0.00    0.00
  81790.384    -1.162     0.00    0.00
  82162.907    -1.162     0.00    0.00
  82535.532    -1.162     0.00    0.00
  82908.258    -1.162     0.00    0.00
  83281.086    -1.162     0.00    0.00
  83654.016    -1.162     0.00    0.00
  84027.048    -1.162     0.00    0.00
  84400.182    -1.162     0.00    0.00
  84773.418    -1.162     0.00    0.00
  85146.756    -1.162     0.00    0.00
  85520.196    -1.162     0.00    0.00
  85893.739    -1.162     0.00    0.00
  86267.384    -1.162     0.00    0.00
  86641.132    -1.162     0.00    0.00
  87014.982    -1.162     0.00    0.00
  87388.936    -1.162     0.00    0.00
  87762.992    -1.162     0.00    0.00
  88137.150    -1.162     0.00    0.00
  88511.412    -1.162     0.00    0.00
  88885.777    -1.162     0.00    0.00
  89260.245    -1.162     0.00    0.00
  89634.816    -1.162     0.00    0.00
  90009.490    -1.162     0.00    0.00
  90384.268    -1.162     0.00    0.00
  90759.150    -1.162     0.00    0.00
  91134.134    -1.162     0.00    0.00
  91509.223    -1.162     0.00    0.00
  91884.415    -1.162     0.00    0.00
  92259.711    -1.162     0.00    0.00
  92635.112    -1.162     0.00    0.00
  93010.616    -1.162     0.00    0.00
  93386.224    -1.162     0.00    0.00
  93761.936    -1.162     0.00    0.00
  94137.753    -1.162     0.00    0.00
  94513.674    -1.162     0.00    0.00
  94889.699    -1.162     0.00    0.00
  95265.829    -1.162     0.00    0.00
  95642.063    -1.162     0.00    0.00
  96018.403    -1.162     0.00    0.00
  96394.847    -1.162     0.00    0.00
  96771.396    -1.162     0.00    0.00
  97148.050    -1.162     0.00    0.00
  97524.809    -1.162     0.00    0.00
  97901.673    -1.162     0.00    0.00
  98278.642    -1.162     0.00    0.00
  98655.717    -1.162     0.00    0.00
  99032.897    -1.162     0.00    0.00
  99410.182    -1.162     0.00    0.00
  99787.574    -1.162     0.00    0.00
 100165.071    -1.162     0.00    0.00
 100542.673    -1.162     0.00    0.00
 100920.382    -1.162     0.00    0.00
 101298.196    -1.162     0.00    0.00
 101676.117    -1.162     0.00    0.00
 102054.144    -1.162     0.00    0.00
 102432.276    -1.162     0.00    0.00
 102810.516    -1.162     0.00    0.00
 103188.861    -1.162     0.00    0.00
 103567.314    -1.162     0.00    0.00
 103945.872    -1.162     0.00    0.00
 104324.538    -1.162     0.00    0.00
 104703.310    -1.162     0.00    0.00
 105082.189    -1.162     0.00    0.00
 105461.175    -1.162     0.00    0.00
 105840.268    -1.162     0.00    0.00
 106219.468    -1.162     0.00    0.00
 106598.776    -1.162     0.00    0.00
 106978.191    -1.162     0.00    0.00
 107357.713    -1.162     0.00    0.00
 107737.343    -1.162     0.00    0.00
 108117.080    -1.162     0.00    0.00
 108496.925    -1.162     0.00    0.00
 108876.878    -1.162     0.00    0.00
 109256.938    -1.162     0.00    0.00
 109637.107    -1.162     0.00    0.00
 110017.384    -1.162     0.00    0.00
 110397.769    -1.162     0.00    0.00
 110778.262    -1.162     0.00    0.00
 111158.863    -1.162     0.00    0.00
 111539.573    -1.162     0.00    0.00
 111920.392    -1.162     0.00    0.00
 112301.319    -1.162     0.00    0.00
 112682.355    -1.162     0.00    0.00
 113063.499    -1.162     0.00    0.00
 113444.753    -1.162     0.00    0.00
 113826.115    -1.162     0.00    0.00
 114207.587    -1.162     0.00    0.00
 114589.168    -1.162     0.00    0.00
 114970.858    -1.162     0.00    0.00
 115352.657    -1.162     0.00    0.00
 115734.566    -1.162     0.00    0.00
 116116.585    -1.162     0.00    0.00
 116498.713    -1.162     0.00    0.00
 116880.951    -1.162     0.00    0.00
 117263.299    -1.162     0.00    0.00
 117645.756    -1.162     0.00    0.00
 118028.324    -1.162     0.00    0.00
 118411.002    -1.162     0.00    0.00
 118793.790    -1.162     0.00    0.00
 119176.689    -1.162     0.00    0.00
 119559.698    -1.162     0.00    0.00
 119942.817    -1.162     0.00    0.00
 120318.861    -1.162     0.00    0.00
 120681.617    -1.162     0.00    0.00
 121044.468    -1.162     0.00    0.00
 121407.415    -1.162     0.00    0.00
 121770.456    -1.162     0.00    0.00
 122133.593    -1.162     0.00    0.00
 122496.825    -1.162     0.00    0.00
 122860.153    -1.162     0.00    0.00
 123223.576    -1.162     0.00    0.00
 123587.095    -1.162     0.00    0.00
 123950.709    -1.162     0.00    0.00
 124314.419    -1.162     0.00    0.00
 124678.225    -1.162     0.00    0.00
 125042.126    -1.162     0.00    0.00
 125406.124    -1.162     0.00    0.00
 125770.218    -1.162     0.00    0.00
 126134.407    -1.162     0.00    0.00
 126498.693    -1.162     0.00    0.00
 126863.075    -1.162     0.00    0.00
 127227.554    -1.162     0.00    0.00
 127592.129    -1.162     0.00    0.00
 127956.800    -1.162     0.00    0.00
 128321.568    -1.162     0.00    0.00
 128686.433    -1.162     0.00    0.00
 129051.394    -1.162     0.00    0.00
 129416.453    -1.162     0.00    0.00
 129781.608    -1.162     0.00    0.00
 130146.860    -1.162     0.00    0.00
 130512.209    -1.162     0.00    0.00
 130877.655    -1.162     0.00    0.00
 131243.199    -1.162     0.00    0.00
 131608.840    -1.162     0.00    0.00
 131974.578    -1.162     0.00    0.00
 132340.413    -1.162     0.00    0.00
 132706.346    -1.162     0.00    0.00
 133072.377    -1.162     0.00    0.00
 133438.505    -1.162     0.00    0.00
 133804.732    -1.162     0.00    0.00
 134171.056    -1.162     0.00    0.00
 134537.478    -1.162     0.00    0.00
 134903.998    -1.162     0.00    0.00
 135270.616    -1.162     0.00    0.00
 135637.332    -1.162     0.00    0.00
 136004.146    -1.162     0.00    0.00
